
Chain Temp: 2.8
	Samples: 200
	Swap interval: 5
	Stepsize vector
	[5.0e-05 5.0e-05 5.0e-05 5.0e-05 5.0e-05 5.0e-05 5.0e-05 5.0e-05 5.0e-05
 5.0e-05 5.0e-05 5.0e-05 3.0e-03 3.0e-03 3.0e-03 3.0e-03 3.0e-03 3.0e-03
 3.0e-03 3.0e-03 3.0e-03 3.0e-03 3.0e-03 3.0e-03 1.5e-03 1.5e-03 1.5e-03]
	Step ratio vector
	[0.01 0.01 0.01 0.01 0.01 0.01 0.01 0.01 0.01 0.01 0.01 0.01 0.01 0.01
 0.01 0.01 0.01 0.01 0.01 0.01 0.01 0.01 0.01 0.01 0.01 0.01 0.01]
	Initial proposed vector
	[ 0.00070514  0.00343301  0.0017355   0.00328544  0.00463954  0.00192764
  0.00469554  0.00468604  0.00383451  0.00494487  0.00493004  0.00499863
  0.19040311  0.15629743  0.07150216  0.25043692  0.29393564  0.23061602
  0.27189897  0.29606821  0.25220922  0.28027579  0.29648255  0.25255735
 -0.09622611 -0.02719877  0.01993555]
Chain Temp: 3.4
	Samples: 200
	Swap interval: 5
	Stepsize vector
	[5.0e-05 5.0e-05 5.0e-05 5.0e-05 5.0e-05 5.0e-05 5.0e-05 5.0e-05 5.0e-05
 5.0e-05 5.0e-05 5.0e-05 3.0e-03 3.0e-03 3.0e-03 3.0e-03 3.0e-03 3.0e-03
 3.0e-03 3.0e-03 3.0e-03 3.0e-03 3.0e-03 3.0e-03 1.5e-03 1.5e-03 1.5e-03]
	Step ratio vector
	[0.01 0.01 0.01 0.01 0.01 0.01 0.01 0.01 0.01 0.01 0.01 0.01 0.01 0.01
 0.01 0.01 0.01 0.01 0.01 0.01 0.01 0.01 0.01 0.01 0.01 0.01 0.01]
	Initial proposed vector
	[ 0.00454078  0.00386406  0.00377924  0.0049913   0.0043693   0.00492754
  0.00499955  0.00450864  0.00493291  0.00499979  0.00462952  0.00498999
  0.17958413  0.23417988  0.0753091   0.23360435  0.24327622  0.1679778
  0.25410597  0.2950093   0.20052979  0.2594896   0.29932798  0.23926853
 -0.14860023 -0.12726656  0.14115461]
Chain Temp: 1.9
	Samples: 200
	Swap interval: 5
	Stepsize vector
	[5.0e-05 5.0e-05 5.0e-05 5.0e-05 5.0e-05 5.0e-05 5.0e-05 5.0e-05 5.0e-05
 5.0e-05 5.0e-05 5.0e-05 3.0e-03 3.0e-03 3.0e-03 3.0e-03 3.0e-03 3.0e-03
 3.0e-03 3.0e-03 3.0e-03 3.0e-03 3.0e-03 3.0e-03 1.5e-03 1.5e-03 1.5e-03]
	Step ratio vector
	[0.01 0.01 0.01 0.01 0.01 0.01 0.01 0.01 0.01 0.01 0.01 0.01 0.01 0.01
 0.01 0.01 0.01 0.01 0.01 0.01 0.01 0.01 0.01 0.01 0.01 0.01 0.01]
	Initial proposed vector
	[ 0.00463839  0.00450894  0.00312566  0.00485531  0.00475     0.00331483
  0.00491413  0.0049349   0.00359355  0.00491933  0.00499738  0.00483672
  0.23776748  0.18322087  0.01913477  0.26051097  0.20063166  0.25219449
  0.29129145  0.29102502  0.2845589   0.29410911  0.29529829  0.29156869
 -0.01264654 -0.10960586  0.02283653]
Chain Temp: 3.7
	Samples: 200
	Swap interval: 5
	Stepsize vector
	[5.0e-05 5.0e-05 5.0e-05 5.0e-05 5.0e-05 5.0e-05 5.0e-05 5.0e-05 5.0e-05
 5.0e-05 5.0e-05 5.0e-05 3.0e-03 3.0e-03 3.0e-03 3.0e-03 3.0e-03 3.0e-03
 3.0e-03 3.0e-03 3.0e-03 3.0e-03 3.0e-03 3.0e-03 1.5e-03 1.5e-03 1.5e-03]
	Step ratio vector
	[0.01 0.01 0.01 0.01 0.01 0.01 0.01 0.01 0.01 0.01 0.01 0.01 0.01 0.01
 0.01 0.01 0.01 0.01 0.01 0.01 0.01 0.01 0.01 0.01 0.01 0.01 0.01]
	Initial proposed vector
	[ 1.79610047e-03  1.49520518e-04  9.53596893e-04  3.80177703e-03
  7.71602065e-04  3.12529711e-03  3.90221435e-03  7.77764061e-04
  3.29838175e-03  4.97204922e-03  3.35773875e-03  3.40443816e-03
  2.75124389e-01  2.60345044e-01  2.05035279e-01  2.83613795e-01
  2.75477995e-01  2.66442911e-01  2.98706637e-01  2.76825519e-01
  2.70937022e-01  2.99204067e-01  2.99432231e-01  2.91262885e-01
 -3.38096352e-02 -9.39668648e-02  9.11211880e-02]
Chain Temp: 2.2
	Samples: 200
	Swap interval: 5
	Stepsize vector
	[5.0e-05 5.0e-05 5.0e-05 5.0e-05 5.0e-05 5.0e-05 5.0e-05 5.0e-05 5.0e-05
 5.0e-05 5.0e-05 5.0e-05 3.0e-03 3.0e-03 3.0e-03 3.0e-03 3.0e-03 3.0e-03
 3.0e-03 3.0e-03 3.0e-03 3.0e-03 3.0e-03 3.0e-03 1.5e-03 1.5e-03 1.5e-03]
	Step ratio vector
	[0.01 0.01 0.01 0.01 0.01 0.01 0.01 0.01 0.01 0.01 0.01 0.01 0.01 0.01
 0.01 0.01 0.01 0.01 0.01 0.01 0.01 0.01 0.01 0.01 0.01 0.01 0.01]
	Initial proposed vector
	[ 1.18661740e-03  1.52696388e-04  4.97427756e-03  4.39537560e-03
  3.54066105e-03  4.98703531e-03  4.56678358e-03  4.00890380e-03
  4.99132926e-03  4.79501782e-03  4.16196382e-03  4.99738262e-03
  1.94768232e-01  1.86438788e-01  1.03043124e-01  2.28786008e-01
  2.18060887e-01  2.10188993e-01  2.44847327e-01  2.30486111e-01
  2.67903754e-01  2.67140485e-01  2.40390515e-01  2.83512706e-01
 -3.16578832e-02 -1.48955942e-01  5.73231217e-02]
Chain Temp: 1.6
	Samples: 200
	Swap interval: 5
	Stepsize vector
	[5.0e-05 5.0e-05 5.0e-05 5.0e-05 5.0e-05 5.0e-05 5.0e-05 5.0e-05 5.0e-05
 5.0e-05 5.0e-05 5.0e-05 3.0e-03 3.0e-03 3.0e-03 3.0e-03 3.0e-03 3.0e-03
 3.0e-03 3.0e-03 3.0e-03 3.0e-03 3.0e-03 3.0e-03 1.5e-03 1.5e-03 1.5e-03]
	Step ratio vector
	[0.01 0.01 0.01 0.01 0.01 0.01 0.01 0.01 0.01 0.01 0.01 0.01 0.01 0.01
 0.01 0.01 0.01 0.01 0.01 0.01 0.01 0.01 0.01 0.01 0.01 0.01 0.01]
	Initial proposed vector
	[ 9.87474343e-05  2.21869550e-03  4.31759446e-03  1.89600318e-03
  3.53932560e-03  4.55757469e-03  3.90560247e-03  4.25493968e-03
  4.74413886e-03  4.72697814e-03  4.27211650e-03  4.78628140e-03
  2.26808747e-01  2.08418031e-01  7.96320510e-02  2.76378133e-01
  2.16666090e-01  1.32109598e-01  2.83817814e-01  2.93537140e-01
  2.15671646e-01  2.95593540e-01  2.94057215e-01  2.26045609e-01
 -1.16562627e-01 -6.90180526e-02  5.16612757e-02]
Chain Temp: 1.3
	Samples: 200
	Swap interval: 5
	Stepsize vector
	[5.0e-05 5.0e-05 5.0e-05 5.0e-05 5.0e-05 5.0e-05 5.0e-05 5.0e-05 5.0e-05
 5.0e-05 5.0e-05 5.0e-05 3.0e-03 3.0e-03 3.0e-03 3.0e-03 3.0e-03 3.0e-03
 3.0e-03 3.0e-03 3.0e-03 3.0e-03 3.0e-03 3.0e-03 1.5e-03 1.5e-03 1.5e-03]
	Step ratio vector
	[0.01 0.01 0.01 0.01 0.01 0.01 0.01 0.01 0.01 0.01 0.01 0.01 0.01 0.01
 0.01 0.01 0.01 0.01 0.01 0.01 0.01 0.01 0.01 0.01 0.01 0.01 0.01]
	Initial proposed vector
	[ 3.71459022e-03  2.01331254e-04  3.61759586e-04  3.84999084e-03
  9.96378504e-04  1.46551604e-03  4.41957347e-03  2.90758741e-03
  4.62830367e-03  4.70049088e-03  4.08528604e-03  4.75482123e-03
  2.45437293e-01  6.81464463e-03  2.79568363e-01  2.68800037e-01
  1.03274816e-01  2.91069271e-01  2.79952404e-01  2.81959745e-01
  2.91722225e-01  2.81675684e-01  2.88086679e-01  2.97430964e-01
 -1.23685287e-01 -3.79118352e-02  1.47531972e-01]
Chain Temp: 1
	Samples: 200
	Swap interval: 5
	Stepsize vector
	[5.0e-05 5.0e-05 5.0e-05 5.0e-05 5.0e-05 5.0e-05 5.0e-05 5.0e-05 5.0e-05
 5.0e-05 5.0e-05 5.0e-05 3.0e-03 3.0e-03 3.0e-03 3.0e-03 3.0e-03 3.0e-03
 3.0e-03 3.0e-03 3.0e-03 3.0e-03 3.0e-03 3.0e-03 1.5e-03 1.5e-03 1.5e-03]
	Step ratio vector
	[0.01 0.01 0.01 0.01 0.01 0.01 0.01 0.01 0.01 0.01 0.01 0.01 0.01 0.01
 0.01 0.01 0.01 0.01 0.01 0.01 0.01 0.01 0.01 0.01 0.01 0.01 0.01]
	Initial proposed vector
	[ 0.00329411  0.00230466  0.00065886  0.00487449  0.00361657  0.00433328
  0.00496071  0.00386662  0.00444915  0.00499124  0.0048785   0.00485854
  0.15885064  0.01614207  0.17263208  0.19999772  0.03388995  0.27347155
  0.23808935  0.19095877  0.27844694  0.25591268  0.2741996   0.29691963
 -0.0651167  -0.0971932   0.08261463]
Chain Temp: 2.5
	Samples: 200
	Swap interval: 5
	Stepsize vector
	[5.0e-05 5.0e-05 5.0e-05 5.0e-05 5.0e-05 5.0e-05 5.0e-05 5.0e-05 5.0e-05
 5.0e-05 5.0e-05 5.0e-05 3.0e-03 3.0e-03 3.0e-03 3.0e-03 3.0e-03 3.0e-03
 3.0e-03 3.0e-03 3.0e-03 3.0e-03 3.0e-03 3.0e-03 1.5e-03 1.5e-03 1.5e-03]
	Step ratio vector
	[0.01 0.01 0.01 0.01 0.01 0.01 0.01 0.01 0.01 0.01 0.01 0.01 0.01 0.01
 0.01 0.01 0.01 0.01 0.01 0.01 0.01 0.01 0.01 0.01 0.01 0.01 0.01]
	Initial proposed vector
	[ 0.00324458  0.00191392  0.00065783  0.00471699  0.004638    0.00328582
  0.00494815  0.00486643  0.00463462  0.00497557  0.00497892  0.00488376
  0.10967332  0.03570086  0.18281378  0.1388704   0.25586876  0.24146097
  0.29552562  0.27502619  0.25321399  0.29914521  0.2983549   0.29802218
 -0.12304745 -0.03906459  0.07080356]
Chain Temp: 3.1
	Samples: 200
	Swap interval: 5
	Stepsize vector
	[5.0e-05 5.0e-05 5.0e-05 5.0e-05 5.0e-05 5.0e-05 5.0e-05 5.0e-05 5.0e-05
 5.0e-05 5.0e-05 5.0e-05 3.0e-03 3.0e-03 3.0e-03 3.0e-03 3.0e-03 3.0e-03
 3.0e-03 3.0e-03 3.0e-03 3.0e-03 3.0e-03 3.0e-03 1.5e-03 1.5e-03 1.5e-03]
	Step ratio vector
	[0.01 0.01 0.01 0.01 0.01 0.01 0.01 0.01 0.01 0.01 0.01 0.01 0.01 0.01
 0.01 0.01 0.01 0.01 0.01 0.01 0.01 0.01 0.01 0.01 0.01 0.01 0.01]
	Initial proposed vector
	[ 0.00373943  0.0024214   0.0003714   0.0046144   0.00298191  0.00308424
  0.0047033   0.00461533  0.00466773  0.00488742  0.00494847  0.00490146
  0.10096866  0.17672877  0.00300568  0.26574395  0.29791986  0.17866134
  0.27346767  0.29853587  0.2939116   0.28169843  0.29949819  0.29883859
 -0.12777823 -0.05479438  0.05509389]