
Chain Temp: 1.58740105197
	Samples: 5000
	Swap interval: 5
	Stepsize vector
	[5.0e-05 5.0e-05 5.0e-05 5.0e-05 5.0e-05 5.0e-05 5.0e-05 5.0e-05 5.0e-05
 5.0e-05 5.0e-05 5.0e-05 3.0e-03 3.0e-03 3.0e-03 3.0e-03 3.0e-03 3.0e-03
 3.0e-03 3.0e-03 3.0e-03 3.0e-03 3.0e-03 3.0e-03 1.5e-03 1.5e-03 1.5e-03]
	Step ratio vector
	[0.01 0.01 0.01 0.01 0.01 0.01 0.01 0.01 0.01 0.01 0.01 0.01 0.01 0.01
 0.01 0.01 0.01 0.01 0.01 0.01 0.01 0.01 0.01 0.01 0.01 0.01 0.01]
	Initial proposed vector
	[ 0.00037988  0.00293651  0.0029061   0.00375181  0.00410795  0.00332605
  0.00402832  0.004393    0.00498267  0.00497428  0.00495022  0.00498631
  0.01864702  0.10954304  0.22194953  0.14681812  0.29725519  0.28796929
  0.16699254  0.2994416   0.28875053  0.19257409  0.2998471   0.29858993
 -0.03005186 -0.12627703  0.02421418]
Chain Temp: 1.0
	Samples: 5000
	Swap interval: 5
	Stepsize vector
	[5.0e-05 5.0e-05 5.0e-05 5.0e-05 5.0e-05 5.0e-05 5.0e-05 5.0e-05 5.0e-05
 5.0e-05 5.0e-05 5.0e-05 3.0e-03 3.0e-03 3.0e-03 3.0e-03 3.0e-03 3.0e-03
 3.0e-03 3.0e-03 3.0e-03 3.0e-03 3.0e-03 3.0e-03 1.5e-03 1.5e-03 1.5e-03]
	Step ratio vector
	[0.01 0.01 0.01 0.01 0.01 0.01 0.01 0.01 0.01 0.01 0.01 0.01 0.01 0.01
 0.01 0.01 0.01 0.01 0.01 0.01 0.01 0.01 0.01 0.01 0.01 0.01 0.01]
	Initial proposed vector
	[ 0.00093969  0.00261192  0.00370832  0.00394847  0.0043027   0.00483105
  0.00494936  0.00443234  0.00492896  0.00498327  0.00444521  0.00495373
  0.15632025  0.08766343  0.04026874  0.186079    0.1298912   0.21649482
  0.21575775  0.19719297  0.22003757  0.24664591  0.27353874  0.25362685
 -0.06416865 -0.05816345  0.08622156]
Chain Temp: 1.85174942457
	Samples: 5000
	Swap interval: 5
	Stepsize vector
	[5.0e-05 5.0e-05 5.0e-05 5.0e-05 5.0e-05 5.0e-05 5.0e-05 5.0e-05 5.0e-05
 5.0e-05 5.0e-05 5.0e-05 3.0e-03 3.0e-03 3.0e-03 3.0e-03 3.0e-03 3.0e-03
 3.0e-03 3.0e-03 3.0e-03 3.0e-03 3.0e-03 3.0e-03 1.5e-03 1.5e-03 1.5e-03]
	Step ratio vector
	[0.01 0.01 0.01 0.01 0.01 0.01 0.01 0.01 0.01 0.01 0.01 0.01 0.01 0.01
 0.01 0.01 0.01 0.01 0.01 0.01 0.01 0.01 0.01 0.01 0.01 0.01 0.01]
	Initial proposed vector
	[ 0.00282828  0.00482763  0.00315648  0.00441835  0.00486986  0.0033873
  0.00451167  0.00494486  0.00398114  0.00454124  0.00496964  0.00435538
  0.27783181  0.15635783  0.00123793  0.28508444  0.25972026  0.07786096
  0.28794142  0.29498645  0.29928675  0.29613752  0.29834825  0.29994074
 -0.14016991 -0.10642287  0.11767634]
Chain Temp: 1.36079000017
	Samples: 5000
	Swap interval: 5
	Stepsize vector
	[5.0e-05 5.0e-05 5.0e-05 5.0e-05 5.0e-05 5.0e-05 5.0e-05 5.0e-05 5.0e-05
 5.0e-05 5.0e-05 5.0e-05 3.0e-03 3.0e-03 3.0e-03 3.0e-03 3.0e-03 3.0e-03
 3.0e-03 3.0e-03 3.0e-03 3.0e-03 3.0e-03 3.0e-03 1.5e-03 1.5e-03 1.5e-03]
	Step ratio vector
	[0.01 0.01 0.01 0.01 0.01 0.01 0.01 0.01 0.01 0.01 0.01 0.01 0.01 0.01
 0.01 0.01 0.01 0.01 0.01 0.01 0.01 0.01 0.01 0.01 0.01 0.01 0.01]
	Initial proposed vector
	[ 0.00192297  0.00397235  0.00298623  0.00412939  0.00474924  0.00373657
  0.00440442  0.00498584  0.00469963  0.00493457  0.00498781  0.00494256
  0.21320998  0.00196817  0.14858741  0.26766435  0.23096809  0.29518456
  0.28550793  0.2922255   0.29808056  0.29731544  0.29555123  0.29894402
 -0.03387449 -0.07139367  0.06980909]
Chain Temp: 1.71448796571
	Samples: 5000
	Swap interval: 5
	Stepsize vector
	[5.0e-05 5.0e-05 5.0e-05 5.0e-05 5.0e-05 5.0e-05 5.0e-05 5.0e-05 5.0e-05
 5.0e-05 5.0e-05 5.0e-05 3.0e-03 3.0e-03 3.0e-03 3.0e-03 3.0e-03 3.0e-03
 3.0e-03 3.0e-03 3.0e-03 3.0e-03 3.0e-03 3.0e-03 1.5e-03 1.5e-03 1.5e-03]
	Step ratio vector
	[0.01 0.01 0.01 0.01 0.01 0.01 0.01 0.01 0.01 0.01 0.01 0.01 0.01 0.01
 0.01 0.01 0.01 0.01 0.01 0.01 0.01 0.01 0.01 0.01 0.01 0.01 0.01]
	Initial proposed vector
	[ 0.00123975  0.00355423  0.0029363   0.00239564  0.00416286  0.00315074
  0.00412477  0.00466435  0.00491361  0.00442341  0.0048894   0.00492694
  0.27938462  0.21318159  0.18295293  0.28302449  0.23210668  0.25729674
  0.2836214   0.23369123  0.27715031  0.28498666  0.24101906  0.29468195
 -0.04400405 -0.01688174  0.07147848]
Chain Temp: 1.16652903958
	Samples: 5000
	Swap interval: 5
	Stepsize vector
	[5.0e-05 5.0e-05 5.0e-05 5.0e-05 5.0e-05 5.0e-05 5.0e-05 5.0e-05 5.0e-05
 5.0e-05 5.0e-05 5.0e-05 3.0e-03 3.0e-03 3.0e-03 3.0e-03 3.0e-03 3.0e-03
 3.0e-03 3.0e-03 3.0e-03 3.0e-03 3.0e-03 3.0e-03 1.5e-03 1.5e-03 1.5e-03]
	Step ratio vector
	[0.01 0.01 0.01 0.01 0.01 0.01 0.01 0.01 0.01 0.01 0.01 0.01 0.01 0.01
 0.01 0.01 0.01 0.01 0.01 0.01 0.01 0.01 0.01 0.01 0.01 0.01 0.01]
	Initial proposed vector
	[ 0.00175188  0.00284402  0.00090898  0.00241877  0.0041363   0.00336079
  0.00495186  0.00457056  0.00345444  0.00496069  0.00479321  0.00459762
  0.1467697   0.07001959  0.2710205   0.1543626   0.25418944  0.29212874
  0.22528629  0.28756141  0.29728235  0.28821943  0.29645283  0.2980912
 -0.05565461 -0.10887622  0.11385253]
Chain Temp: 1.25992104989
	Samples: 5000
	Swap interval: 5
	Stepsize vector
	[5.0e-05 5.0e-05 5.0e-05 5.0e-05 5.0e-05 5.0e-05 5.0e-05 5.0e-05 5.0e-05
 5.0e-05 5.0e-05 5.0e-05 3.0e-03 3.0e-03 3.0e-03 3.0e-03 3.0e-03 3.0e-03
 3.0e-03 3.0e-03 3.0e-03 3.0e-03 3.0e-03 3.0e-03 1.5e-03 1.5e-03 1.5e-03]
	Step ratio vector
	[0.01 0.01 0.01 0.01 0.01 0.01 0.01 0.01 0.01 0.01 0.01 0.01 0.01 0.01
 0.01 0.01 0.01 0.01 0.01 0.01 0.01 0.01 0.01 0.01 0.01 0.01 0.01]
	Initial proposed vector
	[ 0.00049791  0.00280224  0.00208736  0.00369095  0.00371968  0.00484886
  0.00493487  0.00436904  0.00494413  0.00497603  0.00446416  0.00496853
  0.00609659  0.01372004  0.27803808  0.17984898  0.18055306  0.29517727
  0.22515513  0.27621613  0.29826625  0.22959607  0.28219475  0.29866958
 -0.08701143 -0.00700309  0.14274154]
Chain Temp: 1.08005973889
	Samples: 5000
	Swap interval: 5
	Stepsize vector
	[5.0e-05 5.0e-05 5.0e-05 5.0e-05 5.0e-05 5.0e-05 5.0e-05 5.0e-05 5.0e-05
 5.0e-05 5.0e-05 5.0e-05 3.0e-03 3.0e-03 3.0e-03 3.0e-03 3.0e-03 3.0e-03
 3.0e-03 3.0e-03 3.0e-03 3.0e-03 3.0e-03 3.0e-03 1.5e-03 1.5e-03 1.5e-03]
	Step ratio vector
	[0.01 0.01 0.01 0.01 0.01 0.01 0.01 0.01 0.01 0.01 0.01 0.01 0.01 0.01
 0.01 0.01 0.01 0.01 0.01 0.01 0.01 0.01 0.01 0.01 0.01 0.01 0.01]
	Initial proposed vector
	[ 5.84697783e-05  2.77564545e-03  4.64578077e-03  1.79107645e-04
  2.96060291e-03  4.78008816e-03  3.73898332e-03  3.02930714e-03
  4.84322228e-03  4.65506478e-03  3.89433596e-03  4.88891174e-03
  2.26324494e-01  1.79226528e-01  1.34774169e-01  2.92209195e-01
  2.80460900e-01  2.28473644e-01  2.99680525e-01  2.97663988e-01
  2.53386206e-01  2.99819928e-01  2.98685609e-01  2.84185942e-01
 -5.68289355e-02 -6.49794696e-02  5.69777639e-02]
Chain Temp: 1.46973449228
	Samples: 5000
	Swap interval: 5
	Stepsize vector
	[5.0e-05 5.0e-05 5.0e-05 5.0e-05 5.0e-05 5.0e-05 5.0e-05 5.0e-05 5.0e-05
 5.0e-05 5.0e-05 5.0e-05 3.0e-03 3.0e-03 3.0e-03 3.0e-03 3.0e-03 3.0e-03
 3.0e-03 3.0e-03 3.0e-03 3.0e-03 3.0e-03 3.0e-03 1.5e-03 1.5e-03 1.5e-03]
	Step ratio vector
	[0.01 0.01 0.01 0.01 0.01 0.01 0.01 0.01 0.01 0.01 0.01 0.01 0.01 0.01
 0.01 0.01 0.01 0.01 0.01 0.01 0.01 0.01 0.01 0.01 0.01 0.01 0.01]
	Initial proposed vector
	[ 2.90665418e-03  2.71584945e-04  2.15132601e-03  4.35078915e-03
  4.26977514e-03  3.79187345e-03  4.88075775e-03  4.77719801e-03
  4.97029659e-03  4.97899359e-03  4.89722939e-03  4.98016404e-03
  2.39566690e-01  1.48802484e-01  2.41744491e-02  2.82647723e-01
  2.98492489e-01  2.41769726e-01  2.93818062e-01  2.99684080e-01
  2.57843644e-01  2.96751336e-01  2.99972859e-01  2.86255707e-01
 -5.99125140e-02 -4.53663903e-03  8.65015454e-02]
Chain Temp: 2.0
	Samples: 5000
	Swap interval: 5
	Stepsize vector
	[5.0e-05 5.0e-05 5.0e-05 5.0e-05 5.0e-05 5.0e-05 5.0e-05 5.0e-05 5.0e-05
 5.0e-05 5.0e-05 5.0e-05 3.0e-03 3.0e-03 3.0e-03 3.0e-03 3.0e-03 3.0e-03
 3.0e-03 3.0e-03 3.0e-03 3.0e-03 3.0e-03 3.0e-03 1.5e-03 1.5e-03 1.5e-03]
	Step ratio vector
	[0.01 0.01 0.01 0.01 0.01 0.01 0.01 0.01 0.01 0.01 0.01 0.01 0.01 0.01
 0.01 0.01 0.01 0.01 0.01 0.01 0.01 0.01 0.01 0.01 0.01 0.01 0.01]
	Initial proposed vector
	[ 0.00220499  0.00380666  0.00323217  0.00397889  0.0041645   0.00366545
  0.00471991  0.0045655   0.00408513  0.00480603  0.00484428  0.00458462
  0.09974779  0.08877945  0.04549389  0.16794417  0.21004265  0.17485845
  0.17835651  0.21328631  0.25247811  0.255503    0.24554234  0.26736066
 -0.05604407 -0.07855632  0.08989529]