
Chain Temp: 2.0
	Samples: 500
	Swap interval: 25
	Stepsize vector
	[5.0e-05 5.0e-05 5.0e-05 5.0e-05 5.0e-05 5.0e-05 5.0e-05 5.0e-05 5.0e-05
 5.0e-05 5.0e-05 5.0e-05 3.0e-03 3.0e-03 3.0e-03 3.0e-03 3.0e-03 3.0e-03
 3.0e-03 3.0e-03 3.0e-03 3.0e-03 3.0e-03 3.0e-03 1.5e-03 1.5e-03 1.5e-03]
	Step ratio vector
	[0.01 0.01 0.01 0.01 0.01 0.01 0.01 0.01 0.01 0.01 0.01 0.01 0.01 0.01
 0.01 0.01 0.01 0.01 0.01 0.01 0.01 0.01 0.01 0.01 0.01 0.01 0.01]
	Initial proposed vector
	[ 0.00314029  0.00149942  0.00155775  0.00443255  0.00486036  0.00163185
  0.00474635  0.00495034  0.00327057  0.00478735  0.00497742  0.00478666
  0.18080059  0.1558598   0.21412593  0.20473316  0.21006736  0.27630632
  0.27578426  0.2208513   0.2782668   0.28092313  0.22646843  0.29464033
 -0.14935111 -0.02770597  0.01008027]
Chain Temp: 1.5
	Samples: 500
	Swap interval: 25
	Stepsize vector
	[5.0e-05 5.0e-05 5.0e-05 5.0e-05 5.0e-05 5.0e-05 5.0e-05 5.0e-05 5.0e-05
 5.0e-05 5.0e-05 5.0e-05 3.0e-03 3.0e-03 3.0e-03 3.0e-03 3.0e-03 3.0e-03
 3.0e-03 3.0e-03 3.0e-03 3.0e-03 3.0e-03 3.0e-03 1.5e-03 1.5e-03 1.5e-03]
	Step ratio vector
	[0.01 0.01 0.01 0.01 0.01 0.01 0.01 0.01 0.01 0.01 0.01 0.01 0.01 0.01
 0.01 0.01 0.01 0.01 0.01 0.01 0.01 0.01 0.01 0.01 0.01 0.01 0.01]
	Initial proposed vector
	[ 0.0026697   0.00226327  0.00284847  0.00301664  0.00447402  0.00466842
  0.00459974  0.00462425  0.00477139  0.0049401   0.00477773  0.00495947
  0.15077836  0.13968592  0.14181062  0.19952727  0.23868385  0.24783578
  0.21320097  0.25357007  0.29708786  0.25671472  0.2721419   0.29936752
 -0.12238021 -0.01254092  0.11789859]
Chain Temp: 5.5
	Samples: 500
	Swap interval: 25
	Stepsize vector
	[5.0e-05 5.0e-05 5.0e-05 5.0e-05 5.0e-05 5.0e-05 5.0e-05 5.0e-05 5.0e-05
 5.0e-05 5.0e-05 5.0e-05 3.0e-03 3.0e-03 3.0e-03 3.0e-03 3.0e-03 3.0e-03
 3.0e-03 3.0e-03 3.0e-03 3.0e-03 3.0e-03 3.0e-03 1.5e-03 1.5e-03 1.5e-03]
	Step ratio vector
	[0.01 0.01 0.01 0.01 0.01 0.01 0.01 0.01 0.01 0.01 0.01 0.01 0.01 0.01
 0.01 0.01 0.01 0.01 0.01 0.01 0.01 0.01 0.01 0.01 0.01 0.01 0.01]
	Initial proposed vector
	[ 2.85922424e-04  3.21701730e-03  4.51314124e-03  2.60695048e-03
  3.80084431e-03  4.75636714e-03  3.68100568e-03  4.56115074e-03
  4.96517916e-03  3.87662990e-03  4.66284831e-03  4.98661989e-03
  1.03765450e-01  2.15324216e-01  2.67880923e-01  2.47260666e-01
  2.66056697e-01  2.91640155e-01  2.95237428e-01  2.90640987e-01
  2.97914282e-01  2.99608191e-01  2.96488611e-01  2.99604510e-01
 -1.19439364e-01 -2.53625160e-02  1.22079614e-01]
Chain Temp: 1
	Samples: 500
	Swap interval: 25
	Stepsize vector
	[5.0e-05 5.0e-05 5.0e-05 5.0e-05 5.0e-05 5.0e-05 5.0e-05 5.0e-05 5.0e-05
 5.0e-05 5.0e-05 5.0e-05 3.0e-03 3.0e-03 3.0e-03 3.0e-03 3.0e-03 3.0e-03
 3.0e-03 3.0e-03 3.0e-03 3.0e-03 3.0e-03 3.0e-03 1.5e-03 1.5e-03 1.5e-03]
	Step ratio vector
	[0.01 0.01 0.01 0.01 0.01 0.01 0.01 0.01 0.01 0.01 0.01 0.01 0.01 0.01
 0.01 0.01 0.01 0.01 0.01 0.01 0.01 0.01 0.01 0.01 0.01 0.01 0.01]
	Initial proposed vector
	[ 0.00119972  0.0012068   0.00193721  0.00128139  0.00451598  0.00427597
  0.00221085  0.00481845  0.00456533  0.00396664  0.00489162  0.00490077
  0.26369996  0.28043163  0.03187552  0.28832757  0.29442108  0.16952317
  0.29900187  0.29645314  0.27707341  0.29950081  0.29855095  0.28183358
 -0.13426356 -0.1329108   0.09665471]
Chain Temp: 2.5
	Samples: 500
	Swap interval: 25
	Stepsize vector
	[5.0e-05 5.0e-05 5.0e-05 5.0e-05 5.0e-05 5.0e-05 5.0e-05 5.0e-05 5.0e-05
 5.0e-05 5.0e-05 5.0e-05 3.0e-03 3.0e-03 3.0e-03 3.0e-03 3.0e-03 3.0e-03
 3.0e-03 3.0e-03 3.0e-03 3.0e-03 3.0e-03 3.0e-03 1.5e-03 1.5e-03 1.5e-03]
	Step ratio vector
	[0.01 0.01 0.01 0.01 0.01 0.01 0.01 0.01 0.01 0.01 0.01 0.01 0.01 0.01
 0.01 0.01 0.01 0.01 0.01 0.01 0.01 0.01 0.01 0.01 0.01 0.01 0.01]
	Initial proposed vector
	[ 0.0047684   0.00454684  0.00381334  0.00482484  0.00492495  0.00483679
  0.00484833  0.00499245  0.00492658  0.0049907   0.00499542  0.00497523
  0.15188668  0.06505177  0.01789362  0.27972956  0.16972655  0.24296494
  0.28513748  0.18246243  0.25205867  0.29367557  0.23429726  0.25352217
 -0.02946442 -0.07688802  0.10569517]
Chain Temp: 4.5
	Samples: 500
	Swap interval: 25
	Stepsize vector
	[5.0e-05 5.0e-05 5.0e-05 5.0e-05 5.0e-05 5.0e-05 5.0e-05 5.0e-05 5.0e-05
 5.0e-05 5.0e-05 5.0e-05 3.0e-03 3.0e-03 3.0e-03 3.0e-03 3.0e-03 3.0e-03
 3.0e-03 3.0e-03 3.0e-03 3.0e-03 3.0e-03 3.0e-03 1.5e-03 1.5e-03 1.5e-03]
	Step ratio vector
	[0.01 0.01 0.01 0.01 0.01 0.01 0.01 0.01 0.01 0.01 0.01 0.01 0.01 0.01
 0.01 0.01 0.01 0.01 0.01 0.01 0.01 0.01 0.01 0.01 0.01 0.01 0.01]
	Initial proposed vector
	[ 4.61400964e-03  4.22059698e-04  1.61223388e-05  4.86147490e-03
  2.79775484e-03  4.36073912e-03  4.93352817e-03  4.97924577e-03
  4.59186362e-03  4.99668076e-03  4.98346573e-03  4.74392122e-03
  2.20266026e-01  9.84671952e-02  1.01078375e-01  2.98073569e-01
  2.55881276e-01  1.01241891e-01  2.98434042e-01  2.66665996e-01
  1.30633821e-01  2.99296014e-01  2.92233889e-01  2.99797494e-01
 -7.81099557e-03 -2.52793787e-02  4.47306669e-02]
Chain Temp: 5.0
	Samples: 500
	Swap interval: 25
	Stepsize vector
	[5.0e-05 5.0e-05 5.0e-05 5.0e-05 5.0e-05 5.0e-05 5.0e-05 5.0e-05 5.0e-05
 5.0e-05 5.0e-05 5.0e-05 3.0e-03 3.0e-03 3.0e-03 3.0e-03 3.0e-03 3.0e-03
 3.0e-03 3.0e-03 3.0e-03 3.0e-03 3.0e-03 3.0e-03 1.5e-03 1.5e-03 1.5e-03]
	Step ratio vector
	[0.01 0.01 0.01 0.01 0.01 0.01 0.01 0.01 0.01 0.01 0.01 0.01 0.01 0.01
 0.01 0.01 0.01 0.01 0.01 0.01 0.01 0.01 0.01 0.01 0.01 0.01 0.01]
	Initial proposed vector
	[ 0.00218549  0.00115344  0.00359622  0.00426268  0.00388577  0.00369465
  0.00478136  0.0042069   0.00419137  0.00492242  0.0042299   0.00496275
  0.05845579  0.11543409  0.02387205  0.26663969  0.20801553  0.28909005
  0.27339486  0.22821385  0.29421507  0.289571    0.28029904  0.29838602
 -0.02977575 -0.12078575  0.04331363]
Chain Temp: 4.0
	Samples: 500
	Swap interval: 25
	Stepsize vector
	[5.0e-05 5.0e-05 5.0e-05 5.0e-05 5.0e-05 5.0e-05 5.0e-05 5.0e-05 5.0e-05
 5.0e-05 5.0e-05 5.0e-05 3.0e-03 3.0e-03 3.0e-03 3.0e-03 3.0e-03 3.0e-03
 3.0e-03 3.0e-03 3.0e-03 3.0e-03 3.0e-03 3.0e-03 1.5e-03 1.5e-03 1.5e-03]
	Step ratio vector
	[0.01 0.01 0.01 0.01 0.01 0.01 0.01 0.01 0.01 0.01 0.01 0.01 0.01 0.01
 0.01 0.01 0.01 0.01 0.01 0.01 0.01 0.01 0.01 0.01 0.01 0.01 0.01]
	Initial proposed vector
	[ 0.00112746  0.00210172  0.00319776  0.00492068  0.00411463  0.00427475
  0.0049239   0.00427989  0.00472115  0.00496466  0.00430052  0.00485366
  0.14485206  0.00608628  0.27207437  0.1888826   0.06565656  0.29634712
  0.20207989  0.17708734  0.2990381   0.28180551  0.27075004  0.29934487
 -0.07491207 -0.10110744  0.05521118]
Chain Temp: 3.0
	Samples: 500
	Swap interval: 25
	Stepsize vector
	[5.0e-05 5.0e-05 5.0e-05 5.0e-05 5.0e-05 5.0e-05 5.0e-05 5.0e-05 5.0e-05
 5.0e-05 5.0e-05 5.0e-05 3.0e-03 3.0e-03 3.0e-03 3.0e-03 3.0e-03 3.0e-03
 3.0e-03 3.0e-03 3.0e-03 3.0e-03 3.0e-03 3.0e-03 1.5e-03 1.5e-03 1.5e-03]
	Step ratio vector
	[0.01 0.01 0.01 0.01 0.01 0.01 0.01 0.01 0.01 0.01 0.01 0.01 0.01 0.01
 0.01 0.01 0.01 0.01 0.01 0.01 0.01 0.01 0.01 0.01 0.01 0.01 0.01]
	Initial proposed vector
	[ 0.00185443  0.00284872  0.00425736  0.00199125  0.00371752  0.00464863
  0.00303813  0.00395594  0.00484891  0.00321308  0.00416751  0.00491693
  0.15184877  0.25766193  0.00998683  0.21439765  0.27250958  0.24589912
  0.25558299  0.27689676  0.26868629  0.27652923  0.28952089  0.27626701
 -0.1062396  -0.13606859  0.07955124]
Chain Temp: 3.5
	Samples: 500
	Swap interval: 25
	Stepsize vector
	[5.0e-05 5.0e-05 5.0e-05 5.0e-05 5.0e-05 5.0e-05 5.0e-05 5.0e-05 5.0e-05
 5.0e-05 5.0e-05 5.0e-05 3.0e-03 3.0e-03 3.0e-03 3.0e-03 3.0e-03 3.0e-03
 3.0e-03 3.0e-03 3.0e-03 3.0e-03 3.0e-03 3.0e-03 1.5e-03 1.5e-03 1.5e-03]
	Step ratio vector
	[0.01 0.01 0.01 0.01 0.01 0.01 0.01 0.01 0.01 0.01 0.01 0.01 0.01 0.01
 0.01 0.01 0.01 0.01 0.01 0.01 0.01 0.01 0.01 0.01 0.01 0.01 0.01]
	Initial proposed vector
	[ 2.74807023e-04  2.74286985e-03  4.01344298e-03  4.86873428e-03
  3.70207999e-03  4.02253825e-03  4.92307395e-03  4.83554082e-03
  4.96722497e-03  4.96540879e-03  4.83644589e-03  4.98201583e-03
  9.58137156e-02  6.48864801e-02  2.80641239e-01  1.54848111e-01
  2.25925771e-01  2.98891676e-01  2.76865470e-01  2.49538416e-01
  2.99936161e-01  2.87702763e-01  2.63520841e-01  2.99970142e-01
 -1.29912595e-01 -6.11102848e-02  1.06300120e-01]