-10000.00 -10000.00
-1326.29 -1326.29
-1326.29 -1326.29
-1326.29 -1326.29
-1326.29 -1326.29
-1326.29 -1326.29
-1326.29 -1326.29
-1326.29 -1326.29
-1326.29 -1326.29
-1326.29 -1326.29
-1326.29 -1326.29
-1326.29 -1326.29
-1326.29 -1326.29
-1326.29 -1326.29
-1326.29 -1326.29
-1326.29 -1326.29
-1326.29 -1326.29
-1326.29 -1326.29
-1326.29 -1326.29
-1326.29 -1326.29
-1326.29 -1326.29
-1326.29 -1326.29
-1326.29 -1326.29
-1326.29 -1326.29
-1326.29 -1326.29
-1326.29 -1326.29
-1326.29 -1326.29
-1326.29 -1326.29
-1326.29 -1326.29
-1326.29 -1326.29
-1326.29 -1326.29
-1326.29 -1326.29
-1326.29 -1326.29
-1326.29 -1326.29
-1326.29 -1326.29
-1326.29 -1326.29
-1326.29 -1326.29
-1326.29 -1326.29
-1326.29 -1326.29
-1326.29 -1326.29
