
Chain Temp: 1
	Samples: 200
	Swap interval: 5
	Stepsize vector
	[5.0e-05 5.0e-05 5.0e-05 5.0e-05 5.0e-05 5.0e-05 5.0e-05 5.0e-05 5.0e-05
 5.0e-05 5.0e-05 5.0e-05 3.0e-03 3.0e-03 3.0e-03 3.0e-03 3.0e-03 3.0e-03
 3.0e-03 3.0e-03 3.0e-03 3.0e-03 3.0e-03 3.0e-03 1.5e-03 1.5e-03 1.5e-03]
	Step ratio vector
	[0.01 0.01 0.01 0.01 0.01 0.01 0.01 0.01 0.01 0.01 0.01 0.01 0.01 0.01
 0.01 0.01 0.01 0.01 0.01 0.01 0.01 0.01 0.01 0.01 0.01 0.01 0.01]
	Initial proposed vector
	[ 0.0024799   0.00069721  0.00244514  0.00494926  0.00451415  0.00274003
  0.00497047  0.00457486  0.00417925  0.00499352  0.00461253  0.00492692
  0.05924074  0.29996116  0.18489272  0.09873864  0.29999332  0.27730313
  0.18970649  0.2999991   0.29905881  0.2992036   0.29999922  0.29971824
 -0.10678962 -0.13335241  0.03112903]
Chain Temp: 1.9
	Samples: 200
	Swap interval: 5
	Stepsize vector
	[5.0e-05 5.0e-05 5.0e-05 5.0e-05 5.0e-05 5.0e-05 5.0e-05 5.0e-05 5.0e-05
 5.0e-05 5.0e-05 5.0e-05 3.0e-03 3.0e-03 3.0e-03 3.0e-03 3.0e-03 3.0e-03
 3.0e-03 3.0e-03 3.0e-03 3.0e-03 3.0e-03 3.0e-03 1.5e-03 1.5e-03 1.5e-03]
	Step ratio vector
	[0.01 0.01 0.01 0.01 0.01 0.01 0.01 0.01 0.01 0.01 0.01 0.01 0.01 0.01
 0.01 0.01 0.01 0.01 0.01 0.01 0.01 0.01 0.01 0.01 0.01 0.01 0.01]
	Initial proposed vector
	[ 0.00344299  0.00468     0.00293792  0.00425361  0.00469785  0.00364451
  0.00489963  0.00480529  0.0048139   0.00491418  0.00496192  0.00485152
  0.19544141  0.2599806   0.14796384  0.2446045   0.26869906  0.18525054
  0.2805263   0.29052989  0.29957854  0.29087887  0.29165115  0.29985812
 -0.03960149 -0.11297936  0.01134712]
Chain Temp: 1.3
	Samples: 200
	Swap interval: 5
	Stepsize vector
	[5.0e-05 5.0e-05 5.0e-05 5.0e-05 5.0e-05 5.0e-05 5.0e-05 5.0e-05 5.0e-05
 5.0e-05 5.0e-05 5.0e-05 3.0e-03 3.0e-03 3.0e-03 3.0e-03 3.0e-03 3.0e-03
 3.0e-03 3.0e-03 3.0e-03 3.0e-03 3.0e-03 3.0e-03 1.5e-03 1.5e-03 1.5e-03]
	Step ratio vector
	[0.01 0.01 0.01 0.01 0.01 0.01 0.01 0.01 0.01 0.01 0.01 0.01 0.01 0.01
 0.01 0.01 0.01 0.01 0.01 0.01 0.01 0.01 0.01 0.01 0.01 0.01 0.01]
	Initial proposed vector
	[ 0.00109117  0.00264212  0.00052767  0.00241299  0.00436758  0.00490875
  0.00329447  0.00496495  0.00499476  0.00492349  0.00499196  0.00499754
  0.01082907  0.06594051  0.00238684  0.07766924  0.27619447  0.29584473
  0.29648396  0.28770252  0.29948309  0.29850531  0.29797827  0.29951217
 -0.14187135 -0.03740333  0.04451906]
Chain Temp: 3.1
	Samples: 200
	Swap interval: 5
	Stepsize vector
	[5.0e-05 5.0e-05 5.0e-05 5.0e-05 5.0e-05 5.0e-05 5.0e-05 5.0e-05 5.0e-05
 5.0e-05 5.0e-05 5.0e-05 3.0e-03 3.0e-03 3.0e-03 3.0e-03 3.0e-03 3.0e-03
 3.0e-03 3.0e-03 3.0e-03 3.0e-03 3.0e-03 3.0e-03 1.5e-03 1.5e-03 1.5e-03]
	Step ratio vector
	[0.01 0.01 0.01 0.01 0.01 0.01 0.01 0.01 0.01 0.01 0.01 0.01 0.01 0.01
 0.01 0.01 0.01 0.01 0.01 0.01 0.01 0.01 0.01 0.01 0.01 0.01 0.01]
	Initial proposed vector
	[ 1.30793652e-03  2.37607248e-04  4.99409215e-03  3.99550050e-03
  4.37489360e-04  4.99978516e-03  4.87970424e-03  2.77689402e-03
  4.99981171e-03  4.91224417e-03  4.28740611e-03  4.99982550e-03
  7.66529003e-02  1.00585465e-01  5.64397183e-02  2.05757420e-01
  1.83388745e-01  1.75045768e-01  2.35733075e-01  2.35405614e-01
  2.86198724e-01  2.90879209e-01  2.61865070e-01  2.97138735e-01
 -8.19360754e-02 -6.27714115e-02  4.46489695e-02]
Chain Temp: 3.7
	Samples: 200
	Swap interval: 5
	Stepsize vector
	[5.0e-05 5.0e-05 5.0e-05 5.0e-05 5.0e-05 5.0e-05 5.0e-05 5.0e-05 5.0e-05
 5.0e-05 5.0e-05 5.0e-05 3.0e-03 3.0e-03 3.0e-03 3.0e-03 3.0e-03 3.0e-03
 3.0e-03 3.0e-03 3.0e-03 3.0e-03 3.0e-03 3.0e-03 1.5e-03 1.5e-03 1.5e-03]
	Step ratio vector
	[0.01 0.01 0.01 0.01 0.01 0.01 0.01 0.01 0.01 0.01 0.01 0.01 0.01 0.01
 0.01 0.01 0.01 0.01 0.01 0.01 0.01 0.01 0.01 0.01 0.01 0.01 0.01]
	Initial proposed vector
	[ 0.00145757  0.00238284  0.00499025  0.00366838  0.00350289  0.00499605
  0.00438255  0.00363396  0.00499646  0.00442208  0.00382781  0.00499838
  0.22764191  0.2856753   0.23889028  0.28896693  0.29225477  0.29146209
  0.29666926  0.29375006  0.29392843  0.29990377  0.29509817  0.29584337
 -0.01815801 -0.07782639  0.11962805]
Chain Temp: 2.8
	Samples: 200
	Swap interval: 5
	Stepsize vector
	[5.0e-05 5.0e-05 5.0e-05 5.0e-05 5.0e-05 5.0e-05 5.0e-05 5.0e-05 5.0e-05
 5.0e-05 5.0e-05 5.0e-05 3.0e-03 3.0e-03 3.0e-03 3.0e-03 3.0e-03 3.0e-03
 3.0e-03 3.0e-03 3.0e-03 3.0e-03 3.0e-03 3.0e-03 1.5e-03 1.5e-03 1.5e-03]
	Step ratio vector
	[0.01 0.01 0.01 0.01 0.01 0.01 0.01 0.01 0.01 0.01 0.01 0.01 0.01 0.01
 0.01 0.01 0.01 0.01 0.01 0.01 0.01 0.01 0.01 0.01 0.01 0.01 0.01]
	Initial proposed vector
	[ 0.0007092   0.0018319   0.00036444  0.00177951  0.0022198   0.004685
  0.00319631  0.00357108  0.00478485  0.00441381  0.00366551  0.00490243
  0.20661156  0.00626084  0.13030662  0.25608106  0.23630918  0.26373569
  0.2756747   0.2934252   0.29775396  0.28012902  0.29422063  0.29851332
 -0.06162857 -0.11149684  0.14876655]
Chain Temp: 1.6
	Samples: 200
	Swap interval: 5
	Stepsize vector
	[5.0e-05 5.0e-05 5.0e-05 5.0e-05 5.0e-05 5.0e-05 5.0e-05 5.0e-05 5.0e-05
 5.0e-05 5.0e-05 5.0e-05 3.0e-03 3.0e-03 3.0e-03 3.0e-03 3.0e-03 3.0e-03
 3.0e-03 3.0e-03 3.0e-03 3.0e-03 3.0e-03 3.0e-03 1.5e-03 1.5e-03 1.5e-03]
	Step ratio vector
	[0.01 0.01 0.01 0.01 0.01 0.01 0.01 0.01 0.01 0.01 0.01 0.01 0.01 0.01
 0.01 0.01 0.01 0.01 0.01 0.01 0.01 0.01 0.01 0.01 0.01 0.01 0.01]
	Initial proposed vector
	[ 0.00157996  0.00405318  0.00466273  0.0043946   0.00457573  0.00484464
  0.00439608  0.00467584  0.00488846  0.00475694  0.00494924  0.00494234
  0.13778112  0.04535409  0.28568814  0.2598549   0.06021786  0.28775511
  0.27473129  0.18541941  0.28965656  0.29035504  0.24809592  0.29701482
 -0.03982127 -0.1250705   0.14003766]
Chain Temp: 2.5
	Samples: 200
	Swap interval: 5
	Stepsize vector
	[5.0e-05 5.0e-05 5.0e-05 5.0e-05 5.0e-05 5.0e-05 5.0e-05 5.0e-05 5.0e-05
 5.0e-05 5.0e-05 5.0e-05 3.0e-03 3.0e-03 3.0e-03 3.0e-03 3.0e-03 3.0e-03
 3.0e-03 3.0e-03 3.0e-03 3.0e-03 3.0e-03 3.0e-03 1.5e-03 1.5e-03 1.5e-03]
	Step ratio vector
	[0.01 0.01 0.01 0.01 0.01 0.01 0.01 0.01 0.01 0.01 0.01 0.01 0.01 0.01
 0.01 0.01 0.01 0.01 0.01 0.01 0.01 0.01 0.01 0.01 0.01 0.01 0.01]
	Initial proposed vector
	[ 0.00144718  0.0040754   0.00200383  0.0039598   0.00412876  0.00294081
  0.00410613  0.00427816  0.00409491  0.00457494  0.00456851  0.00483127
  0.02753615  0.28638853  0.2218774   0.04468055  0.29515337  0.27024274
  0.20066437  0.29520691  0.29505213  0.21992032  0.29753126  0.29793977
 -0.12999175 -0.11071479  0.01472571]
Chain Temp: 3.4
	Samples: 200
	Swap interval: 5
	Stepsize vector
	[5.0e-05 5.0e-05 5.0e-05 5.0e-05 5.0e-05 5.0e-05 5.0e-05 5.0e-05 5.0e-05
 5.0e-05 5.0e-05 5.0e-05 3.0e-03 3.0e-03 3.0e-03 3.0e-03 3.0e-03 3.0e-03
 3.0e-03 3.0e-03 3.0e-03 3.0e-03 3.0e-03 3.0e-03 1.5e-03 1.5e-03 1.5e-03]
	Step ratio vector
	[0.01 0.01 0.01 0.01 0.01 0.01 0.01 0.01 0.01 0.01 0.01 0.01 0.01 0.01
 0.01 0.01 0.01 0.01 0.01 0.01 0.01 0.01 0.01 0.01 0.01 0.01 0.01]
	Initial proposed vector
	[ 1.33818389e-03  2.16823286e-03  1.14906305e-05  4.38578950e-03
  4.41969795e-03  1.16796825e-03  4.97980189e-03  4.55511968e-03
  2.40422843e-03  4.99580466e-03  4.63746389e-03  2.83500658e-03
  1.62647563e-01  1.39945630e-01  1.28290980e-01  2.40001879e-01
  2.79634927e-01  2.25456612e-01  2.76729786e-01  2.98384573e-01
  2.69263886e-01  2.84798800e-01  2.98822686e-01  2.74040759e-01
 -1.26605407e-01 -8.72422604e-02  8.18072275e-02]
Chain Temp: 2.2
	Samples: 200
	Swap interval: 5
	Stepsize vector
	[5.0e-05 5.0e-05 5.0e-05 5.0e-05 5.0e-05 5.0e-05 5.0e-05 5.0e-05 5.0e-05
 5.0e-05 5.0e-05 5.0e-05 3.0e-03 3.0e-03 3.0e-03 3.0e-03 3.0e-03 3.0e-03
 3.0e-03 3.0e-03 3.0e-03 3.0e-03 3.0e-03 3.0e-03 1.5e-03 1.5e-03 1.5e-03]
	Step ratio vector
	[0.01 0.01 0.01 0.01 0.01 0.01 0.01 0.01 0.01 0.01 0.01 0.01 0.01 0.01
 0.01 0.01 0.01 0.01 0.01 0.01 0.01 0.01 0.01 0.01 0.01 0.01 0.01]
	Initial proposed vector
	[ 0.0016235   0.00352108  0.00095492  0.00404824  0.0038128   0.00289317
  0.00410978  0.0039972   0.00305294  0.00458422  0.00496466  0.00325224
  0.29273547  0.00515505  0.06934953  0.29366875  0.16409183  0.14271113
  0.29524395  0.29187767  0.28209816  0.29587268  0.29234707  0.2981835
 -0.04954658 -0.12043743  0.08760504]