
Chain Temp: 4.5
	Samples: 40
	Swap interval: 10
	Stepsize vector
	[5.0e-05 5.0e-05 5.0e-05 5.0e-05 5.0e-05 5.0e-05 5.0e-05 5.0e-05 5.0e-05
 5.0e-05 5.0e-05 5.0e-05 3.0e-03 3.0e-03 3.0e-03 3.0e-03 3.0e-03 3.0e-03
 3.0e-03 3.0e-03 3.0e-03 3.0e-03 3.0e-03 3.0e-03 1.5e-03 1.5e-03 1.5e-03]
	Step ratio vector
	[0.01 0.01 0.01 0.01 0.01 0.01 0.01 0.01 0.01 0.01 0.01 0.01 0.01 0.01
 0.01 0.01 0.01 0.01 0.01 0.01 0.01 0.01 0.01 0.01 0.01 0.01 0.01]
	Initial proposed vector
	[ 0.00180187  0.00048538  0.0008536   0.00279168  0.00252976  0.00309152
  0.00416599  0.00285683  0.00410199  0.00497298  0.00367431  0.00455879
  0.19508112  0.19825237  0.06130763  0.19983277  0.26724004  0.10720968
  0.26413036  0.28464469  0.12287908  0.28192778  0.29714849  0.25652265
 -0.14361565 -0.12124479  0.08394208]
Chain Temp: 2.5
	Samples: 40
	Swap interval: 10
	Stepsize vector
	[5.0e-05 5.0e-05 5.0e-05 5.0e-05 5.0e-05 5.0e-05 5.0e-05 5.0e-05 5.0e-05
 5.0e-05 5.0e-05 5.0e-05 3.0e-03 3.0e-03 3.0e-03 3.0e-03 3.0e-03 3.0e-03
 3.0e-03 3.0e-03 3.0e-03 3.0e-03 3.0e-03 3.0e-03 1.5e-03 1.5e-03 1.5e-03]
	Step ratio vector
	[0.01 0.01 0.01 0.01 0.01 0.01 0.01 0.01 0.01 0.01 0.01 0.01 0.01 0.01
 0.01 0.01 0.01 0.01 0.01 0.01 0.01 0.01 0.01 0.01 0.01 0.01 0.01]
	Initial proposed vector
	[ 0.00172934  0.00371967  0.00484553  0.0033167   0.00483807  0.00486337
  0.00435033  0.00499218  0.00498636  0.00463895  0.0049941   0.00498917
  0.02981156  0.27079407  0.26445016  0.19025143  0.29824407  0.29381948
  0.21951301  0.29834392  0.29483988  0.29228124  0.29836782  0.29529095
 -0.01361897 -0.13125905  0.0378814 ]
Chain Temp: 3.0
	Samples: 40
	Swap interval: 10
	Stepsize vector
	[5.0e-05 5.0e-05 5.0e-05 5.0e-05 5.0e-05 5.0e-05 5.0e-05 5.0e-05 5.0e-05
 5.0e-05 5.0e-05 5.0e-05 3.0e-03 3.0e-03 3.0e-03 3.0e-03 3.0e-03 3.0e-03
 3.0e-03 3.0e-03 3.0e-03 3.0e-03 3.0e-03 3.0e-03 1.5e-03 1.5e-03 1.5e-03]
	Step ratio vector
	[0.01 0.01 0.01 0.01 0.01 0.01 0.01 0.01 0.01 0.01 0.01 0.01 0.01 0.01
 0.01 0.01 0.01 0.01 0.01 0.01 0.01 0.01 0.01 0.01 0.01 0.01 0.01]
	Initial proposed vector
	[ 0.00446822  0.00475115  0.0006596   0.0045249   0.0048976   0.00369099
  0.00459126  0.00497889  0.00408232  0.0048998   0.00499065  0.00476257
  0.15528744  0.15648785  0.07919901  0.26342678  0.21387187  0.28182803
  0.27694992  0.24758986  0.28394847  0.29703236  0.26309383  0.2883247
 -0.14436214 -0.06516916  0.07065012]
Chain Temp: 5.5
	Samples: 40
	Swap interval: 10
	Stepsize vector
	[5.0e-05 5.0e-05 5.0e-05 5.0e-05 5.0e-05 5.0e-05 5.0e-05 5.0e-05 5.0e-05
 5.0e-05 5.0e-05 5.0e-05 3.0e-03 3.0e-03 3.0e-03 3.0e-03 3.0e-03 3.0e-03
 3.0e-03 3.0e-03 3.0e-03 3.0e-03 3.0e-03 3.0e-03 1.5e-03 1.5e-03 1.5e-03]
	Step ratio vector
	[0.01 0.01 0.01 0.01 0.01 0.01 0.01 0.01 0.01 0.01 0.01 0.01 0.01 0.01
 0.01 0.01 0.01 0.01 0.01 0.01 0.01 0.01 0.01 0.01 0.01 0.01 0.01]
	Initial proposed vector
	[ 0.00404894  0.00134639  0.00151224  0.00450684  0.00488961  0.00477099
  0.00464742  0.0049492   0.00493535  0.00485947  0.00498493  0.00494104
  0.26104508  0.28216154  0.21084724  0.26828294  0.29174202  0.27378622
  0.27954583  0.29295077  0.29539179  0.28636847  0.29570665  0.29851728
 -0.09485396 -0.01130189  0.13483749]
Chain Temp: 5.0
	Samples: 40
	Swap interval: 10
	Stepsize vector
	[5.0e-05 5.0e-05 5.0e-05 5.0e-05 5.0e-05 5.0e-05 5.0e-05 5.0e-05 5.0e-05
 5.0e-05 5.0e-05 5.0e-05 3.0e-03 3.0e-03 3.0e-03 3.0e-03 3.0e-03 3.0e-03
 3.0e-03 3.0e-03 3.0e-03 3.0e-03 3.0e-03 3.0e-03 1.5e-03 1.5e-03 1.5e-03]
	Step ratio vector
	[0.01 0.01 0.01 0.01 0.01 0.01 0.01 0.01 0.01 0.01 0.01 0.01 0.01 0.01
 0.01 0.01 0.01 0.01 0.01 0.01 0.01 0.01 0.01 0.01 0.01 0.01 0.01]
	Initial proposed vector
	[ 1.21315665e-04  4.08554297e-03  4.08107297e-04  2.96211081e-03
  4.44570740e-03  4.98901318e-03  4.79588808e-03  4.73813648e-03
  4.99496986e-03  4.89185658e-03  4.98393707e-03  4.99591186e-03
  6.26068429e-02  2.18919758e-01  2.09194935e-01  1.88673440e-01
  2.33476059e-01  2.19576087e-01  2.15696802e-01  2.86738902e-01
  2.88182522e-01  2.91481932e-01  2.96832950e-01  2.99970964e-01
 -1.07018652e-01 -1.32826608e-01  1.87157396e-02]
Chain Temp: 2.0
	Samples: 40
	Swap interval: 10
	Stepsize vector
	[5.0e-05 5.0e-05 5.0e-05 5.0e-05 5.0e-05 5.0e-05 5.0e-05 5.0e-05 5.0e-05
 5.0e-05 5.0e-05 5.0e-05 3.0e-03 3.0e-03 3.0e-03 3.0e-03 3.0e-03 3.0e-03
 3.0e-03 3.0e-03 3.0e-03 3.0e-03 3.0e-03 3.0e-03 1.5e-03 1.5e-03 1.5e-03]
	Step ratio vector
	[0.01 0.01 0.01 0.01 0.01 0.01 0.01 0.01 0.01 0.01 0.01 0.01 0.01 0.01
 0.01 0.01 0.01 0.01 0.01 0.01 0.01 0.01 0.01 0.01 0.01 0.01 0.01]
	Initial proposed vector
	[ 0.00043512  0.00369949  0.0004002   0.00322033  0.00425388  0.00476004
  0.0035552   0.00474544  0.00494392  0.00462082  0.00490411  0.00496596
  0.08670615  0.25862805  0.24239587  0.13886985  0.29652737  0.28460216
  0.26790761  0.29827306  0.29778675  0.28497326  0.2989491   0.29813195
 -0.10661915 -0.09544731  0.12824389]
Chain Temp: 1.5
	Samples: 40
	Swap interval: 10
	Stepsize vector
	[5.0e-05 5.0e-05 5.0e-05 5.0e-05 5.0e-05 5.0e-05 5.0e-05 5.0e-05 5.0e-05
 5.0e-05 5.0e-05 5.0e-05 3.0e-03 3.0e-03 3.0e-03 3.0e-03 3.0e-03 3.0e-03
 3.0e-03 3.0e-03 3.0e-03 3.0e-03 3.0e-03 3.0e-03 1.5e-03 1.5e-03 1.5e-03]
	Step ratio vector
	[0.01 0.01 0.01 0.01 0.01 0.01 0.01 0.01 0.01 0.01 0.01 0.01 0.01 0.01
 0.01 0.01 0.01 0.01 0.01 0.01 0.01 0.01 0.01 0.01 0.01 0.01 0.01]
	Initial proposed vector
	[ 2.72200545e-04  1.89725460e-03  3.68586388e-03  3.46359807e-03
  4.81288650e-03  3.95943054e-03  4.23663229e-03  4.93566058e-03
  4.06014027e-03  4.24267542e-03  4.99281948e-03  4.45823950e-03
  2.21220284e-01  2.91397270e-01  6.56416688e-02  2.46087144e-01
  2.98575915e-01  2.17919439e-01  2.84641446e-01  2.99271110e-01
  2.37025569e-01  2.96750627e-01  2.99690294e-01  2.91746754e-01
 -6.73576758e-02 -5.48336593e-02  1.17216595e-01]
Chain Temp: 4.0
	Samples: 40
	Swap interval: 10
	Stepsize vector
	[5.0e-05 5.0e-05 5.0e-05 5.0e-05 5.0e-05 5.0e-05 5.0e-05 5.0e-05 5.0e-05
 5.0e-05 5.0e-05 5.0e-05 3.0e-03 3.0e-03 3.0e-03 3.0e-03 3.0e-03 3.0e-03
 3.0e-03 3.0e-03 3.0e-03 3.0e-03 3.0e-03 3.0e-03 1.5e-03 1.5e-03 1.5e-03]
	Step ratio vector
	[0.01 0.01 0.01 0.01 0.01 0.01 0.01 0.01 0.01 0.01 0.01 0.01 0.01 0.01
 0.01 0.01 0.01 0.01 0.01 0.01 0.01 0.01 0.01 0.01 0.01 0.01 0.01]
	Initial proposed vector
	[ 0.00375079  0.00178624  0.00485233  0.00448321  0.00377012  0.00487032
  0.00495889  0.00474911  0.00498161  0.00499065  0.00491936  0.00499571
  0.23729937  0.0925122   0.10537332  0.2784478   0.23282457  0.2379691
  0.28073847  0.28224012  0.27512126  0.29665881  0.29248058  0.29171209
 -0.14060124 -0.00450818  0.14804339]
Chain Temp: 3.5
	Samples: 40
	Swap interval: 10
	Stepsize vector
	[5.0e-05 5.0e-05 5.0e-05 5.0e-05 5.0e-05 5.0e-05 5.0e-05 5.0e-05 5.0e-05
 5.0e-05 5.0e-05 5.0e-05 3.0e-03 3.0e-03 3.0e-03 3.0e-03 3.0e-03 3.0e-03
 3.0e-03 3.0e-03 3.0e-03 3.0e-03 3.0e-03 3.0e-03 1.5e-03 1.5e-03 1.5e-03]
	Step ratio vector
	[0.01 0.01 0.01 0.01 0.01 0.01 0.01 0.01 0.01 0.01 0.01 0.01 0.01 0.01
 0.01 0.01 0.01 0.01 0.01 0.01 0.01 0.01 0.01 0.01 0.01 0.01 0.01]
	Initial proposed vector
	[ 0.00031818  0.00470898  0.00181672  0.00312641  0.0049424   0.00208081
  0.00361429  0.00496264  0.00249232  0.00465294  0.00498113  0.00406808
  0.24525983  0.28457657  0.28609856  0.26691691  0.29558947  0.287753
  0.28514388  0.29634478  0.29133285  0.29213983  0.29931547  0.29278568
 -0.13077556 -0.02105545  0.04970279]
Chain Temp: 1
	Samples: 40
	Swap interval: 10
	Stepsize vector
	[5.0e-05 5.0e-05 5.0e-05 5.0e-05 5.0e-05 5.0e-05 5.0e-05 5.0e-05 5.0e-05
 5.0e-05 5.0e-05 5.0e-05 3.0e-03 3.0e-03 3.0e-03 3.0e-03 3.0e-03 3.0e-03
 3.0e-03 3.0e-03 3.0e-03 3.0e-03 3.0e-03 3.0e-03 1.5e-03 1.5e-03 1.5e-03]
	Step ratio vector
	[0.01 0.01 0.01 0.01 0.01 0.01 0.01 0.01 0.01 0.01 0.01 0.01 0.01 0.01
 0.01 0.01 0.01 0.01 0.01 0.01 0.01 0.01 0.01 0.01 0.01 0.01 0.01]
	Initial proposed vector
	[ 0.0047681   0.00411179  0.00083614  0.00481908  0.00468759  0.00343557
  0.00484664  0.00472674  0.00399018  0.00486618  0.0049506   0.00466381
  0.09535347  0.29318597  0.0162378   0.20117959  0.29515447  0.05263083
  0.20705937  0.29839782  0.14237394  0.28690196  0.29857503  0.27579456
 -0.01018101 -0.1495123   0.0322348 ]