
Chain Temp: 2.8
	Samples: 200
	Swap interval: 5
	Stepsize vector
	[5.0e-05 5.0e-05 5.0e-05 5.0e-05 5.0e-05 5.0e-05 5.0e-05 5.0e-05 5.0e-05
 5.0e-05 5.0e-05 5.0e-05 3.0e-03 3.0e-03 3.0e-03 3.0e-03 3.0e-03 3.0e-03
 3.0e-03 3.0e-03 3.0e-03 3.0e-03 3.0e-03 3.0e-03 1.5e-03 1.5e-03 1.5e-03]
	Step ratio vector
	[0.01 0.01 0.01 0.01 0.01 0.01 0.01 0.01 0.01 0.01 0.01 0.01 0.01 0.01
 0.01 0.01 0.01 0.01 0.01 0.01 0.01 0.01 0.01 0.01 0.01 0.01 0.01]
	Initial proposed vector
	[ 0.00497391  0.00429938  0.00206669  0.00498611  0.00453418  0.00299217
  0.00499125  0.00455104  0.00312699  0.00499756  0.0049384   0.00347722
  0.26931219  0.26548577  0.08891515  0.27970668  0.29154166  0.21548887
  0.29668987  0.29711724  0.23933008  0.29756019  0.29795083  0.28331263
 -0.13300608 -0.07288706  0.03692628]
Chain Temp: 3.1
	Samples: 200
	Swap interval: 5
	Stepsize vector
	[5.0e-05 5.0e-05 5.0e-05 5.0e-05 5.0e-05 5.0e-05 5.0e-05 5.0e-05 5.0e-05
 5.0e-05 5.0e-05 5.0e-05 3.0e-03 3.0e-03 3.0e-03 3.0e-03 3.0e-03 3.0e-03
 3.0e-03 3.0e-03 3.0e-03 3.0e-03 3.0e-03 3.0e-03 1.5e-03 1.5e-03 1.5e-03]
	Step ratio vector
	[0.01 0.01 0.01 0.01 0.01 0.01 0.01 0.01 0.01 0.01 0.01 0.01 0.01 0.01
 0.01 0.01 0.01 0.01 0.01 0.01 0.01 0.01 0.01 0.01 0.01 0.01 0.01]
	Initial proposed vector
	[ 0.00219762  0.00359522  0.0041416   0.00399472  0.00423602  0.00450081
  0.00488267  0.00469298  0.00461954  0.00493009  0.00490498  0.00490289
  0.15298571  0.02318783  0.04047563  0.23037389  0.25563452  0.05612835
  0.2446608   0.29629173  0.07675316  0.2862746   0.29656671  0.13226994
 -0.06121732 -0.09091223  0.01660107]
Chain Temp: 3.4
	Samples: 200
	Swap interval: 5
	Stepsize vector
	[5.0e-05 5.0e-05 5.0e-05 5.0e-05 5.0e-05 5.0e-05 5.0e-05 5.0e-05 5.0e-05
 5.0e-05 5.0e-05 5.0e-05 3.0e-03 3.0e-03 3.0e-03 3.0e-03 3.0e-03 3.0e-03
 3.0e-03 3.0e-03 3.0e-03 3.0e-03 3.0e-03 3.0e-03 1.5e-03 1.5e-03 1.5e-03]
	Step ratio vector
	[0.01 0.01 0.01 0.01 0.01 0.01 0.01 0.01 0.01 0.01 0.01 0.01 0.01 0.01
 0.01 0.01 0.01 0.01 0.01 0.01 0.01 0.01 0.01 0.01 0.01 0.01 0.01]
	Initial proposed vector
	[ 0.00393875  0.00306294  0.00162289  0.0047131   0.00469936  0.00359947
  0.00489125  0.00488207  0.00449786  0.00493224  0.00496781  0.00496311
  0.08411448  0.21752167  0.09753916  0.18511626  0.29667595  0.16222106
  0.24348856  0.2975423   0.26152531  0.29673641  0.29824718  0.28556652
 -0.06589453 -0.10406577  0.01021506]
Chain Temp: 3.7
	Samples: 200
	Swap interval: 5
	Stepsize vector
	[5.0e-05 5.0e-05 5.0e-05 5.0e-05 5.0e-05 5.0e-05 5.0e-05 5.0e-05 5.0e-05
 5.0e-05 5.0e-05 5.0e-05 3.0e-03 3.0e-03 3.0e-03 3.0e-03 3.0e-03 3.0e-03
 3.0e-03 3.0e-03 3.0e-03 3.0e-03 3.0e-03 3.0e-03 1.5e-03 1.5e-03 1.5e-03]
	Step ratio vector
	[0.01 0.01 0.01 0.01 0.01 0.01 0.01 0.01 0.01 0.01 0.01 0.01 0.01 0.01
 0.01 0.01 0.01 0.01 0.01 0.01 0.01 0.01 0.01 0.01 0.01 0.01 0.01]
	Initial proposed vector
	[ 0.00175564  0.00396422  0.00178336  0.00438732  0.00469565  0.0028745
  0.00468933  0.00496551  0.00368649  0.00470624  0.00497473  0.00373827
  0.12507285  0.25292938  0.04972787  0.27547167  0.29250428  0.05893663
  0.29179973  0.29433609  0.29547463  0.29944395  0.29989706  0.29892519
 -0.03931502 -0.11323939  0.12667138]
Chain Temp: 2.5
	Samples: 200
	Swap interval: 5
	Stepsize vector
	[5.0e-05 5.0e-05 5.0e-05 5.0e-05 5.0e-05 5.0e-05 5.0e-05 5.0e-05 5.0e-05
 5.0e-05 5.0e-05 5.0e-05 3.0e-03 3.0e-03 3.0e-03 3.0e-03 3.0e-03 3.0e-03
 3.0e-03 3.0e-03 3.0e-03 3.0e-03 3.0e-03 3.0e-03 1.5e-03 1.5e-03 1.5e-03]
	Step ratio vector
	[0.01 0.01 0.01 0.01 0.01 0.01 0.01 0.01 0.01 0.01 0.01 0.01 0.01 0.01
 0.01 0.01 0.01 0.01 0.01 0.01 0.01 0.01 0.01 0.01 0.01 0.01 0.01]
	Initial proposed vector
	[ 3.99210820e-03  1.16536783e-03  9.60994010e-05  4.43623544e-03
  3.88051374e-03  5.36045904e-04  4.47994600e-03  4.11500380e-03
  2.36266707e-03  4.76672541e-03  4.20468061e-03  2.83879724e-03
  8.67536049e-03  2.82535876e-01  2.01419490e-01  2.03128504e-01
  2.92069887e-01  2.57393894e-01  2.64124255e-01  2.99369055e-01
  2.81348695e-01  2.90777818e-01  2.99732932e-01  2.92913083e-01
 -7.45798912e-02 -8.14289220e-02  1.36936458e-01]
Chain Temp: 1.9
	Samples: 200
	Swap interval: 5
	Stepsize vector
	[5.0e-05 5.0e-05 5.0e-05 5.0e-05 5.0e-05 5.0e-05 5.0e-05 5.0e-05 5.0e-05
 5.0e-05 5.0e-05 5.0e-05 3.0e-03 3.0e-03 3.0e-03 3.0e-03 3.0e-03 3.0e-03
 3.0e-03 3.0e-03 3.0e-03 3.0e-03 3.0e-03 3.0e-03 1.5e-03 1.5e-03 1.5e-03]
	Step ratio vector
	[0.01 0.01 0.01 0.01 0.01 0.01 0.01 0.01 0.01 0.01 0.01 0.01 0.01 0.01
 0.01 0.01 0.01 0.01 0.01 0.01 0.01 0.01 0.01 0.01 0.01 0.01 0.01]
	Initial proposed vector
	[ 0.0018911   0.00344683  0.00234921  0.00216673  0.00490792  0.00392438
  0.00437772  0.00498275  0.00471288  0.00493579  0.00499338  0.00484702
  0.21670309  0.29661422  0.26429297  0.24921713  0.29793967  0.28601458
  0.28099597  0.29902146  0.29457213  0.28454758  0.29960498  0.29805197
 -0.04778727 -0.05133935  0.08311291]
Chain Temp: 1.3
	Samples: 200
	Swap interval: 5
	Stepsize vector
	[5.0e-05 5.0e-05 5.0e-05 5.0e-05 5.0e-05 5.0e-05 5.0e-05 5.0e-05 5.0e-05
 5.0e-05 5.0e-05 5.0e-05 3.0e-03 3.0e-03 3.0e-03 3.0e-03 3.0e-03 3.0e-03
 3.0e-03 3.0e-03 3.0e-03 3.0e-03 3.0e-03 3.0e-03 1.5e-03 1.5e-03 1.5e-03]
	Step ratio vector
	[0.01 0.01 0.01 0.01 0.01 0.01 0.01 0.01 0.01 0.01 0.01 0.01 0.01 0.01
 0.01 0.01 0.01 0.01 0.01 0.01 0.01 0.01 0.01 0.01 0.01 0.01 0.01]
	Initial proposed vector
	[ 0.00446074  0.00143543  0.00268535  0.00498775  0.00279039  0.00375322
  0.00499098  0.00446946  0.00387435  0.00499601  0.00474332  0.00496056
  0.22565125  0.07080712  0.14780576  0.28442299  0.28344961  0.23375919
  0.2868152   0.29634212  0.272019    0.28819493  0.29953315  0.29482193
 -0.1073039  -0.03461366  0.12413608]
Chain Temp: 1
	Samples: 200
	Swap interval: 5
	Stepsize vector
	[5.0e-05 5.0e-05 5.0e-05 5.0e-05 5.0e-05 5.0e-05 5.0e-05 5.0e-05 5.0e-05
 5.0e-05 5.0e-05 5.0e-05 3.0e-03 3.0e-03 3.0e-03 3.0e-03 3.0e-03 3.0e-03
 3.0e-03 3.0e-03 3.0e-03 3.0e-03 3.0e-03 3.0e-03 1.5e-03 1.5e-03 1.5e-03]
	Step ratio vector
	[0.01 0.01 0.01 0.01 0.01 0.01 0.01 0.01 0.01 0.01 0.01 0.01 0.01 0.01
 0.01 0.01 0.01 0.01 0.01 0.01 0.01 0.01 0.01 0.01 0.01 0.01 0.01]
	Initial proposed vector
	[ 0.00296538  0.00454912  0.00242948  0.00398422  0.00463685  0.00266856
  0.0049664   0.00492038  0.00375572  0.00498234  0.00498561  0.00441148
  0.22593721  0.18990671  0.27938137  0.27432053  0.26104954  0.28157776
  0.27658285  0.27050862  0.28428078  0.28058346  0.27488231  0.29531826
 -0.0847069  -0.0310776   0.04494311]
Chain Temp: 2.2
	Samples: 200
	Swap interval: 5
	Stepsize vector
	[5.0e-05 5.0e-05 5.0e-05 5.0e-05 5.0e-05 5.0e-05 5.0e-05 5.0e-05 5.0e-05
 5.0e-05 5.0e-05 5.0e-05 3.0e-03 3.0e-03 3.0e-03 3.0e-03 3.0e-03 3.0e-03
 3.0e-03 3.0e-03 3.0e-03 3.0e-03 3.0e-03 3.0e-03 1.5e-03 1.5e-03 1.5e-03]
	Step ratio vector
	[0.01 0.01 0.01 0.01 0.01 0.01 0.01 0.01 0.01 0.01 0.01 0.01 0.01 0.01
 0.01 0.01 0.01 0.01 0.01 0.01 0.01 0.01 0.01 0.01 0.01 0.01 0.01]
	Initial proposed vector
	[ 0.0027129   0.00236998  0.00223382  0.00494727  0.00393386  0.00472734
  0.00499334  0.00444887  0.00485159  0.00499495  0.00470077  0.00496855
  0.17470605  0.25220722  0.06293697  0.24180755  0.28649748  0.22987441
  0.27546101  0.29094128  0.26273611  0.28609939  0.29762689  0.29765189
 -0.05425694 -0.11719913  0.10312339]
Chain Temp: 1.6
	Samples: 200
	Swap interval: 5
	Stepsize vector
	[5.0e-05 5.0e-05 5.0e-05 5.0e-05 5.0e-05 5.0e-05 5.0e-05 5.0e-05 5.0e-05
 5.0e-05 5.0e-05 5.0e-05 3.0e-03 3.0e-03 3.0e-03 3.0e-03 3.0e-03 3.0e-03
 3.0e-03 3.0e-03 3.0e-03 3.0e-03 3.0e-03 3.0e-03 1.5e-03 1.5e-03 1.5e-03]
	Step ratio vector
	[0.01 0.01 0.01 0.01 0.01 0.01 0.01 0.01 0.01 0.01 0.01 0.01 0.01 0.01
 0.01 0.01 0.01 0.01 0.01 0.01 0.01 0.01 0.01 0.01 0.01 0.01 0.01]
	Initial proposed vector
	[ 0.0007551   0.00273018  0.00173667  0.00415798  0.00386754  0.00314147
  0.00449627  0.00458534  0.00490045  0.00454511  0.00459655  0.00497472
  0.07193718  0.27219394  0.16382576  0.1506763   0.27810079  0.23815619
  0.16453062  0.2814836   0.25017742  0.17823491  0.29536406  0.2734663
 -0.02880657 -0.14614077  0.12606603]