
Chain Temp: 1
	Samples: 200
	Swap interval: 5
	Stepsize vector
	[5.0e-05 5.0e-05 5.0e-05 5.0e-05 5.0e-05 5.0e-05 5.0e-05 5.0e-05 5.0e-05
 5.0e-05 5.0e-05 5.0e-05 3.0e-03 3.0e-03 3.0e-03 3.0e-03 3.0e-03 3.0e-03
 3.0e-03 3.0e-03 3.0e-03 3.0e-03 3.0e-03 3.0e-03 1.5e-03 1.5e-03 1.5e-03]
	Step ratio vector
	[0.01 0.01 0.01 0.01 0.01 0.01 0.01 0.01 0.01 0.01 0.01 0.01 0.01 0.01
 0.01 0.01 0.01 0.01 0.01 0.01 0.01 0.01 0.01 0.01 0.01 0.01 0.01]
	Initial proposed vector
	[ 1.22546556e-04  4.46872756e-04  2.70597530e-04  1.36931173e-04
  3.26393760e-03  1.20200082e-03  2.76860014e-04  4.03967095e-03
  3.93288797e-03  4.94212110e-03  4.79775854e-03  4.19585030e-03
  1.63936654e-01  1.70272998e-01  2.88322587e-01  2.51915032e-01
  1.80611769e-01  2.97239320e-01  2.63609689e-01  2.51828836e-01
  2.98014990e-01  2.66602957e-01  2.96241955e-01  2.98953737e-01
 -6.69919762e-02 -2.05724242e-03  1.05342409e-01]
Chain Temp: 3.7
	Samples: 200
	Swap interval: 5
	Stepsize vector
	[5.0e-05 5.0e-05 5.0e-05 5.0e-05 5.0e-05 5.0e-05 5.0e-05 5.0e-05 5.0e-05
 5.0e-05 5.0e-05 5.0e-05 3.0e-03 3.0e-03 3.0e-03 3.0e-03 3.0e-03 3.0e-03
 3.0e-03 3.0e-03 3.0e-03 3.0e-03 3.0e-03 3.0e-03 1.5e-03 1.5e-03 1.5e-03]
	Step ratio vector
	[0.01 0.01 0.01 0.01 0.01 0.01 0.01 0.01 0.01 0.01 0.01 0.01 0.01 0.01
 0.01 0.01 0.01 0.01 0.01 0.01 0.01 0.01 0.01 0.01 0.01 0.01 0.01]
	Initial proposed vector
	[ 0.00327045  0.00044425  0.00337503  0.00479296  0.00413141  0.00340023
  0.00484627  0.00483355  0.00350956  0.00498742  0.00496064  0.00454869
  0.20553182  0.2104911   0.21017968  0.29147631  0.26897422  0.22420837
  0.29311245  0.28119436  0.28032273  0.29746127  0.29132584  0.29891608
 -0.02408714 -0.13115006  0.01062014]
Chain Temp: 2.5
	Samples: 200
	Swap interval: 5
	Stepsize vector
	[5.0e-05 5.0e-05 5.0e-05 5.0e-05 5.0e-05 5.0e-05 5.0e-05 5.0e-05 5.0e-05
 5.0e-05 5.0e-05 5.0e-05 3.0e-03 3.0e-03 3.0e-03 3.0e-03 3.0e-03 3.0e-03
 3.0e-03 3.0e-03 3.0e-03 3.0e-03 3.0e-03 3.0e-03 1.5e-03 1.5e-03 1.5e-03]
	Step ratio vector
	[0.01 0.01 0.01 0.01 0.01 0.01 0.01 0.01 0.01 0.01 0.01 0.01 0.01 0.01
 0.01 0.01 0.01 0.01 0.01 0.01 0.01 0.01 0.01 0.01 0.01 0.01 0.01]
	Initial proposed vector
	[ 0.00297674  0.00335934  0.00496733  0.00360681  0.00358171  0.00497158
  0.0048323   0.00470644  0.00498986  0.00497554  0.00488381  0.00499023
  0.00623962  0.03046423  0.14190563  0.27129277  0.24386248  0.2127927
  0.2842053   0.24660222  0.25646865  0.28984724  0.2730721   0.26316593
 -0.11867642 -0.0167781   0.00824457]
Chain Temp: 1.3
	Samples: 200
	Swap interval: 5
	Stepsize vector
	[5.0e-05 5.0e-05 5.0e-05 5.0e-05 5.0e-05 5.0e-05 5.0e-05 5.0e-05 5.0e-05
 5.0e-05 5.0e-05 5.0e-05 3.0e-03 3.0e-03 3.0e-03 3.0e-03 3.0e-03 3.0e-03
 3.0e-03 3.0e-03 3.0e-03 3.0e-03 3.0e-03 3.0e-03 1.5e-03 1.5e-03 1.5e-03]
	Step ratio vector
	[0.01 0.01 0.01 0.01 0.01 0.01 0.01 0.01 0.01 0.01 0.01 0.01 0.01 0.01
 0.01 0.01 0.01 0.01 0.01 0.01 0.01 0.01 0.01 0.01 0.01 0.01 0.01]
	Initial proposed vector
	[ 0.00312476  0.00449658  0.00435541  0.00357553  0.00466404  0.00454812
  0.00373899  0.00475998  0.00489698  0.00453852  0.00477914  0.00499847
  0.2788442   0.0517722   0.27686267  0.28682529  0.09718905  0.27969078
  0.29607644  0.25053744  0.28139105  0.29847883  0.2692774   0.28334198
 -0.00239886 -0.07909483  0.03342393]
Chain Temp: 2.2
	Samples: 200
	Swap interval: 5
	Stepsize vector
	[5.0e-05 5.0e-05 5.0e-05 5.0e-05 5.0e-05 5.0e-05 5.0e-05 5.0e-05 5.0e-05
 5.0e-05 5.0e-05 5.0e-05 3.0e-03 3.0e-03 3.0e-03 3.0e-03 3.0e-03 3.0e-03
 3.0e-03 3.0e-03 3.0e-03 3.0e-03 3.0e-03 3.0e-03 1.5e-03 1.5e-03 1.5e-03]
	Step ratio vector
	[0.01 0.01 0.01 0.01 0.01 0.01 0.01 0.01 0.01 0.01 0.01 0.01 0.01 0.01
 0.01 0.01 0.01 0.01 0.01 0.01 0.01 0.01 0.01 0.01 0.01 0.01 0.01]
	Initial proposed vector
	[ 1.85931618e-04  1.55742624e-03  2.62173841e-03  3.97103197e-03
  2.89026728e-03  4.41543638e-03  4.33641723e-03  3.69249795e-03
  4.98438420e-03  4.55588323e-03  4.66226771e-03  4.99616218e-03
  2.03519719e-01  4.90123606e-02  1.28176181e-01  2.32712643e-01
  8.29681711e-02  1.62905573e-01  2.35893474e-01  2.75223586e-01
  2.59884499e-01  2.83883176e-01  2.75890188e-01  2.91571785e-01
 -3.79246226e-02 -1.46574060e-01  5.46942743e-02]
Chain Temp: 1.6
	Samples: 200
	Swap interval: 5
	Stepsize vector
	[5.0e-05 5.0e-05 5.0e-05 5.0e-05 5.0e-05 5.0e-05 5.0e-05 5.0e-05 5.0e-05
 5.0e-05 5.0e-05 5.0e-05 3.0e-03 3.0e-03 3.0e-03 3.0e-03 3.0e-03 3.0e-03
 3.0e-03 3.0e-03 3.0e-03 3.0e-03 3.0e-03 3.0e-03 1.5e-03 1.5e-03 1.5e-03]
	Step ratio vector
	[0.01 0.01 0.01 0.01 0.01 0.01 0.01 0.01 0.01 0.01 0.01 0.01 0.01 0.01
 0.01 0.01 0.01 0.01 0.01 0.01 0.01 0.01 0.01 0.01 0.01 0.01 0.01]
	Initial proposed vector
	[ 0.00082551  0.00231572  0.00269917  0.00297887  0.00460886  0.00274376
  0.00373357  0.00462044  0.00368065  0.00424859  0.00475229  0.00497961
  0.23057074  0.16308477  0.0788866   0.26382904  0.29659781  0.26244116
  0.27393607  0.29986306  0.28428482  0.27431468  0.29993278  0.29784604
 -0.12343335 -0.14606561  0.07931744]
Chain Temp: 1.9
	Samples: 200
	Swap interval: 5
	Stepsize vector
	[5.0e-05 5.0e-05 5.0e-05 5.0e-05 5.0e-05 5.0e-05 5.0e-05 5.0e-05 5.0e-05
 5.0e-05 5.0e-05 5.0e-05 3.0e-03 3.0e-03 3.0e-03 3.0e-03 3.0e-03 3.0e-03
 3.0e-03 3.0e-03 3.0e-03 3.0e-03 3.0e-03 3.0e-03 1.5e-03 1.5e-03 1.5e-03]
	Step ratio vector
	[0.01 0.01 0.01 0.01 0.01 0.01 0.01 0.01 0.01 0.01 0.01 0.01 0.01 0.01
 0.01 0.01 0.01 0.01 0.01 0.01 0.01 0.01 0.01 0.01 0.01 0.01 0.01]
	Initial proposed vector
	[ 0.00447603  0.00457506  0.00199778  0.0048453   0.00482581  0.00362487
  0.00497862  0.00491454  0.00389368  0.00499455  0.00495892  0.00476674
  0.28365894  0.28493901  0.12824429  0.28500452  0.29851796  0.13762672
  0.29571971  0.29926876  0.28048182  0.29715132  0.29963565  0.29063563
 -0.14624039 -0.08179116  0.02471767]
Chain Temp: 3.4
	Samples: 200
	Swap interval: 5
	Stepsize vector
	[5.0e-05 5.0e-05 5.0e-05 5.0e-05 5.0e-05 5.0e-05 5.0e-05 5.0e-05 5.0e-05
 5.0e-05 5.0e-05 5.0e-05 3.0e-03 3.0e-03 3.0e-03 3.0e-03 3.0e-03 3.0e-03
 3.0e-03 3.0e-03 3.0e-03 3.0e-03 3.0e-03 3.0e-03 1.5e-03 1.5e-03 1.5e-03]
	Step ratio vector
	[0.01 0.01 0.01 0.01 0.01 0.01 0.01 0.01 0.01 0.01 0.01 0.01 0.01 0.01
 0.01 0.01 0.01 0.01 0.01 0.01 0.01 0.01 0.01 0.01 0.01 0.01 0.01]
	Initial proposed vector
	[ 0.00421174  0.00278472  0.00469036  0.00484933  0.00367707  0.00490076
  0.00486023  0.00368588  0.00490585  0.00488515  0.00383548  0.00496226
  0.27966073  0.01104801  0.18482857  0.28166625  0.06557732  0.2812946
  0.28704222  0.28001763  0.29760908  0.29610305  0.2836448   0.29798496
 -0.10741517 -0.07117069  0.05782475]
Chain Temp: 3.1
	Samples: 200
	Swap interval: 5
	Stepsize vector
	[5.0e-05 5.0e-05 5.0e-05 5.0e-05 5.0e-05 5.0e-05 5.0e-05 5.0e-05 5.0e-05
 5.0e-05 5.0e-05 5.0e-05 3.0e-03 3.0e-03 3.0e-03 3.0e-03 3.0e-03 3.0e-03
 3.0e-03 3.0e-03 3.0e-03 3.0e-03 3.0e-03 3.0e-03 1.5e-03 1.5e-03 1.5e-03]
	Step ratio vector
	[0.01 0.01 0.01 0.01 0.01 0.01 0.01 0.01 0.01 0.01 0.01 0.01 0.01 0.01
 0.01 0.01 0.01 0.01 0.01 0.01 0.01 0.01 0.01 0.01 0.01 0.01 0.01]
	Initial proposed vector
	[ 0.00203296  0.00067215  0.003233    0.0036956   0.00243347  0.00431466
  0.00388203  0.00284795  0.0049035   0.00474468  0.00429992  0.00490821
  0.05009307  0.04260892  0.06539256  0.10368421  0.26736624  0.12826329
  0.23593454  0.28987937  0.15974708  0.28084021  0.29133378  0.27805174
 -0.06853344 -0.10654901  0.10703855]
Chain Temp: 2.8
	Samples: 200
	Swap interval: 5
	Stepsize vector
	[5.0e-05 5.0e-05 5.0e-05 5.0e-05 5.0e-05 5.0e-05 5.0e-05 5.0e-05 5.0e-05
 5.0e-05 5.0e-05 5.0e-05 3.0e-03 3.0e-03 3.0e-03 3.0e-03 3.0e-03 3.0e-03
 3.0e-03 3.0e-03 3.0e-03 3.0e-03 3.0e-03 3.0e-03 1.5e-03 1.5e-03 1.5e-03]
	Step ratio vector
	[0.01 0.01 0.01 0.01 0.01 0.01 0.01 0.01 0.01 0.01 0.01 0.01 0.01 0.01
 0.01 0.01 0.01 0.01 0.01 0.01 0.01 0.01 0.01 0.01 0.01 0.01 0.01]
	Initial proposed vector
	[ 0.00310901  0.00049921  0.00446332  0.00480554  0.00083372  0.00470024
  0.00499152  0.00409592  0.0047585   0.0049926   0.00480975  0.00487422
  0.19856008  0.02379402  0.29342171  0.26338091  0.25377153  0.2995393
  0.26592179  0.29203393  0.29986633  0.29795778  0.29265583  0.29986815
 -0.14876323 -0.11255795  0.14646338]