
Chain Temp: 5.16666666667
	Samples: 166666
	Swap interval: 16666
	Stepsize vector
	[5.0e-05 5.0e-05 5.0e-05 5.0e-05 5.0e-05 5.0e-05 5.0e-05 5.0e-05 5.0e-05
 5.0e-05 5.0e-05 5.0e-05 3.0e-03 3.0e-03 3.0e-03 3.0e-03 3.0e-03 3.0e-03
 3.0e-03 3.0e-03 3.0e-03 3.0e-03 3.0e-03 3.0e-03 1.5e-03 1.5e-03 1.5e-03]
	Step ratio vector
	[0.01 0.01 0.01 0.01 0.01 0.01 0.01 0.01 0.01 0.01 0.01 0.01 0.01 0.01
 0.01 0.01 0.01 0.01 0.01 0.01 0.01 0.01 0.01 0.01 0.01 0.01 0.01]
	Initial proposed vector
	[ 0.00037579  0.00476846  0.00451728  0.00149373  0.00498548  0.0047857
  0.00292487  0.00499199  0.00497197  0.00304707  0.00499564  0.00498856
  0.14104442  0.18087921  0.07584087  0.19335346  0.21746454  0.28715597
  0.26392997  0.22027232  0.2925821   0.27732533  0.27894169  0.2951706
 -0.08055963 -0.12145974  0.00187548]
Chain Temp: 3.5
	Samples: 166666
	Swap interval: 16666
	Stepsize vector
	[5.0e-05 5.0e-05 5.0e-05 5.0e-05 5.0e-05 5.0e-05 5.0e-05 5.0e-05 5.0e-05
 5.0e-05 5.0e-05 5.0e-05 3.0e-03 3.0e-03 3.0e-03 3.0e-03 3.0e-03 3.0e-03
 3.0e-03 3.0e-03 3.0e-03 3.0e-03 3.0e-03 3.0e-03 1.5e-03 1.5e-03 1.5e-03]
	Step ratio vector
	[0.01 0.01 0.01 0.01 0.01 0.01 0.01 0.01 0.01 0.01 0.01 0.01 0.01 0.01
 0.01 0.01 0.01 0.01 0.01 0.01 0.01 0.01 0.01 0.01 0.01 0.01 0.01]
	Initial proposed vector
	[ 0.00323366  0.00230901  0.00130244  0.00447337  0.00351092  0.00159988
  0.00466848  0.00368528  0.00343208  0.00487639  0.00426765  0.00372448
  0.19535513  0.09211967  0.03499981  0.27228144  0.25604547  0.27056862
  0.28970853  0.29112661  0.2841423   0.29275475  0.29937819  0.28795693
 -0.0979131  -0.14100753  0.01416105]
Chain Temp: 1
	Samples: 166666
	Swap interval: 16666
	Stepsize vector
	[5.0e-05 5.0e-05 5.0e-05 5.0e-05 5.0e-05 5.0e-05 5.0e-05 5.0e-05 5.0e-05
 5.0e-05 5.0e-05 5.0e-05 3.0e-03 3.0e-03 3.0e-03 3.0e-03 3.0e-03 3.0e-03
 3.0e-03 3.0e-03 3.0e-03 3.0e-03 3.0e-03 3.0e-03 1.5e-03 1.5e-03 1.5e-03]
	Step ratio vector
	[0.01 0.01 0.01 0.01 0.01 0.01 0.01 0.01 0.01 0.01 0.01 0.01 0.01 0.01
 0.01 0.01 0.01 0.01 0.01 0.01 0.01 0.01 0.01 0.01 0.01 0.01 0.01]
	Initial proposed vector
	[ 0.00233278  0.00186524  0.00100817  0.00405901  0.00400752  0.00406311
  0.00484191  0.00412477  0.00491655  0.00496313  0.00475907  0.00492354
  0.03563769  0.08487326  0.28054186  0.18160307  0.09393014  0.29127187
  0.18277164  0.21662946  0.29548345  0.20432842  0.24275003  0.29904232
 -0.0430715  -0.02740609  0.10098945]
Chain Temp: 1.83333333333
	Samples: 166666
	Swap interval: 16666
	Stepsize vector
	[5.0e-05 5.0e-05 5.0e-05 5.0e-05 5.0e-05 5.0e-05 5.0e-05 5.0e-05 5.0e-05
 5.0e-05 5.0e-05 5.0e-05 3.0e-03 3.0e-03 3.0e-03 3.0e-03 3.0e-03 3.0e-03
 3.0e-03 3.0e-03 3.0e-03 3.0e-03 3.0e-03 3.0e-03 1.5e-03 1.5e-03 1.5e-03]
	Step ratio vector
	[0.01 0.01 0.01 0.01 0.01 0.01 0.01 0.01 0.01 0.01 0.01 0.01 0.01 0.01
 0.01 0.01 0.01 0.01 0.01 0.01 0.01 0.01 0.01 0.01 0.01 0.01 0.01]
	Initial proposed vector
	[ 0.00239821  0.00395674  0.0010149   0.00256056  0.00468617  0.00483311
  0.00263567  0.00472785  0.00488675  0.00334599  0.00493413  0.00489787
  0.19523316  0.23846781  0.19310469  0.26297909  0.24203641  0.21465882
  0.28874771  0.24648033  0.2489617   0.29846278  0.26590354  0.28698214
 -0.12621084 -0.0219198   0.01107377]
Chain Temp: 2.66666666667
	Samples: 166666
	Swap interval: 16666
	Stepsize vector
	[5.0e-05 5.0e-05 5.0e-05 5.0e-05 5.0e-05 5.0e-05 5.0e-05 5.0e-05 5.0e-05
 5.0e-05 5.0e-05 5.0e-05 3.0e-03 3.0e-03 3.0e-03 3.0e-03 3.0e-03 3.0e-03
 3.0e-03 3.0e-03 3.0e-03 3.0e-03 3.0e-03 3.0e-03 1.5e-03 1.5e-03 1.5e-03]
	Step ratio vector
	[0.01 0.01 0.01 0.01 0.01 0.01 0.01 0.01 0.01 0.01 0.01 0.01 0.01 0.01
 0.01 0.01 0.01 0.01 0.01 0.01 0.01 0.01 0.01 0.01 0.01 0.01 0.01]
	Initial proposed vector
	[ 0.00036984  0.00078548  0.0031973   0.00451545  0.00257819  0.00403231
  0.00459762  0.00259316  0.00403277  0.00491412  0.00476176  0.0041946
  0.18732328  0.1278151   0.19241822  0.246463    0.24316742  0.19999923
  0.25332968  0.27581663  0.28225018  0.27147443  0.28245604  0.29811504
 -0.09862398 -0.14002957  0.0163711 ]
Chain Temp: 4.33333333333
	Samples: 166666
	Swap interval: 16666
	Stepsize vector
	[5.0e-05 5.0e-05 5.0e-05 5.0e-05 5.0e-05 5.0e-05 5.0e-05 5.0e-05 5.0e-05
 5.0e-05 5.0e-05 5.0e-05 3.0e-03 3.0e-03 3.0e-03 3.0e-03 3.0e-03 3.0e-03
 3.0e-03 3.0e-03 3.0e-03 3.0e-03 3.0e-03 3.0e-03 1.5e-03 1.5e-03 1.5e-03]
	Step ratio vector
	[0.01 0.01 0.01 0.01 0.01 0.01 0.01 0.01 0.01 0.01 0.01 0.01 0.01 0.01
 0.01 0.01 0.01 0.01 0.01 0.01 0.01 0.01 0.01 0.01 0.01 0.01 0.01]
	Initial proposed vector
	[ 0.00399391  0.0040722   0.00378931  0.00445517  0.00452603  0.00423747
  0.00492752  0.00488283  0.00441562  0.00495724  0.00488884  0.00487111
  0.28442138  0.1821683   0.07188316  0.29469821  0.20711419  0.14260249
  0.29730411  0.27370158  0.23480403  0.29794224  0.27556263  0.24333811
 -0.00129137 -0.0502533   0.12778221]