
Chain Temp: 3.1
	Samples: 200
	Swap interval: 5
	Stepsize vector
	[5.0e-05 5.0e-05 5.0e-05 5.0e-05 5.0e-05 5.0e-05 5.0e-05 5.0e-05 5.0e-05
 5.0e-05 5.0e-05 5.0e-05 3.0e-03 3.0e-03 3.0e-03 3.0e-03 3.0e-03 3.0e-03
 3.0e-03 3.0e-03 3.0e-03 3.0e-03 3.0e-03 3.0e-03 1.5e-03 1.5e-03 1.5e-03]
	Step ratio vector
	[0.01 0.01 0.01 0.01 0.01 0.01 0.01 0.01 0.01 0.01 0.01 0.01 0.01 0.01
 0.01 0.01 0.01 0.01 0.01 0.01 0.01 0.01 0.01 0.01 0.01 0.01 0.01]
	Initial proposed vector
	[ 0.00444411  0.00173908  0.0026907   0.00461287  0.0031869   0.00447719
  0.00469998  0.00408203  0.00469229  0.00490634  0.00487061  0.00479435
  0.12351817  0.18271816  0.08069622  0.28713308  0.24154714  0.21548433
  0.29328209  0.29878802  0.27068063  0.29779873  0.2988682   0.27505916
 -0.13775218 -0.07471525  0.03368162]
Chain Temp: 1.6
	Samples: 200
	Swap interval: 5
	Stepsize vector
	[5.0e-05 5.0e-05 5.0e-05 5.0e-05 5.0e-05 5.0e-05 5.0e-05 5.0e-05 5.0e-05
 5.0e-05 5.0e-05 5.0e-05 3.0e-03 3.0e-03 3.0e-03 3.0e-03 3.0e-03 3.0e-03
 3.0e-03 3.0e-03 3.0e-03 3.0e-03 3.0e-03 3.0e-03 1.5e-03 1.5e-03 1.5e-03]
	Step ratio vector
	[0.01 0.01 0.01 0.01 0.01 0.01 0.01 0.01 0.01 0.01 0.01 0.01 0.01 0.01
 0.01 0.01 0.01 0.01 0.01 0.01 0.01 0.01 0.01 0.01 0.01 0.01 0.01]
	Initial proposed vector
	[ 0.00316392  0.00324369  0.00411067  0.00445556  0.00449122  0.00422783
  0.00480719  0.00456586  0.0044583   0.00486465  0.00464585  0.00475035
  0.27200876  0.24315567  0.14491896  0.27693194  0.27138674  0.16381433
  0.29387326  0.2749648   0.26444036  0.29598151  0.27815384  0.2931982
 -0.141238   -0.00097913  0.03817294]
Chain Temp: 2.8
	Samples: 200
	Swap interval: 5
	Stepsize vector
	[5.0e-05 5.0e-05 5.0e-05 5.0e-05 5.0e-05 5.0e-05 5.0e-05 5.0e-05 5.0e-05
 5.0e-05 5.0e-05 5.0e-05 3.0e-03 3.0e-03 3.0e-03 3.0e-03 3.0e-03 3.0e-03
 3.0e-03 3.0e-03 3.0e-03 3.0e-03 3.0e-03 3.0e-03 1.5e-03 1.5e-03 1.5e-03]
	Step ratio vector
	[0.01 0.01 0.01 0.01 0.01 0.01 0.01 0.01 0.01 0.01 0.01 0.01 0.01 0.01
 0.01 0.01 0.01 0.01 0.01 0.01 0.01 0.01 0.01 0.01 0.01 0.01 0.01]
	Initial proposed vector
	[ 0.00339914  0.00416385  0.00164525  0.00421856  0.00499283  0.00280199
  0.00448169  0.00499562  0.00314058  0.00492979  0.00499587  0.00436085
  0.27746462  0.11596381  0.11680586  0.28510366  0.24985144  0.19829763
  0.28785321  0.2523805   0.24235661  0.28901415  0.2695271   0.28150707
 -0.10689813 -0.04360149  0.02461105]
Chain Temp: 1
	Samples: 200
	Swap interval: 5
	Stepsize vector
	[5.0e-05 5.0e-05 5.0e-05 5.0e-05 5.0e-05 5.0e-05 5.0e-05 5.0e-05 5.0e-05
 5.0e-05 5.0e-05 5.0e-05 3.0e-03 3.0e-03 3.0e-03 3.0e-03 3.0e-03 3.0e-03
 3.0e-03 3.0e-03 3.0e-03 3.0e-03 3.0e-03 3.0e-03 1.5e-03 1.5e-03 1.5e-03]
	Step ratio vector
	[0.01 0.01 0.01 0.01 0.01 0.01 0.01 0.01 0.01 0.01 0.01 0.01 0.01 0.01
 0.01 0.01 0.01 0.01 0.01 0.01 0.01 0.01 0.01 0.01 0.01 0.01 0.01]
	Initial proposed vector
	[ 0.00069276  0.00395704  0.00074032  0.00158974  0.00470222  0.00474086
  0.00376963  0.00496751  0.00491684  0.00454372  0.00497442  0.00498924
  0.01679758  0.25535482  0.01338175  0.14272847  0.28925559  0.2775871
  0.15539364  0.29253419  0.29484777  0.22603578  0.29711818  0.29520047
 -0.1466185  -0.09674065  0.08158239]
Chain Temp: 2.2
	Samples: 200
	Swap interval: 5
	Stepsize vector
	[5.0e-05 5.0e-05 5.0e-05 5.0e-05 5.0e-05 5.0e-05 5.0e-05 5.0e-05 5.0e-05
 5.0e-05 5.0e-05 5.0e-05 3.0e-03 3.0e-03 3.0e-03 3.0e-03 3.0e-03 3.0e-03
 3.0e-03 3.0e-03 3.0e-03 3.0e-03 3.0e-03 3.0e-03 1.5e-03 1.5e-03 1.5e-03]
	Step ratio vector
	[0.01 0.01 0.01 0.01 0.01 0.01 0.01 0.01 0.01 0.01 0.01 0.01 0.01 0.01
 0.01 0.01 0.01 0.01 0.01 0.01 0.01 0.01 0.01 0.01 0.01 0.01 0.01]
	Initial proposed vector
	[ 1.99204112e-04  4.67913407e-03  4.85022214e-03  6.80901671e-04
  4.84510896e-03  4.97774325e-03  2.22935643e-03  4.95430679e-03
  4.99540833e-03  2.80883017e-03  4.96120454e-03  4.99849113e-03
  2.93978539e-01  8.00474940e-03  4.70290250e-02  2.99824877e-01
  9.98168410e-02  2.99662395e-01  2.99894257e-01  2.48320862e-01
  2.99925462e-01  2.99949899e-01  2.48823500e-01  2.99951466e-01
 -9.02646748e-02 -1.43875059e-01  1.36113104e-01]
Chain Temp: 1.3
	Samples: 200
	Swap interval: 5
	Stepsize vector
	[5.0e-05 5.0e-05 5.0e-05 5.0e-05 5.0e-05 5.0e-05 5.0e-05 5.0e-05 5.0e-05
 5.0e-05 5.0e-05 5.0e-05 3.0e-03 3.0e-03 3.0e-03 3.0e-03 3.0e-03 3.0e-03
 3.0e-03 3.0e-03 3.0e-03 3.0e-03 3.0e-03 3.0e-03 1.5e-03 1.5e-03 1.5e-03]
	Step ratio vector
	[0.01 0.01 0.01 0.01 0.01 0.01 0.01 0.01 0.01 0.01 0.01 0.01 0.01 0.01
 0.01 0.01 0.01 0.01 0.01 0.01 0.01 0.01 0.01 0.01 0.01 0.01 0.01]
	Initial proposed vector
	[ 6.01840957e-05  5.92930614e-04  2.51866784e-03  2.48614296e-03
  3.22993799e-03  3.09174394e-03  3.88775477e-03  4.40275288e-03
  4.59778594e-03  4.66330017e-03  4.83955304e-03  4.86774771e-03
  2.74912578e-01  7.25727970e-02  1.93584747e-01  2.83937374e-01
  2.53347554e-01  2.00236576e-01  2.96272572e-01  2.60663973e-01
  2.67992097e-01  2.98814225e-01  2.95746213e-01  2.82846670e-01
 -5.58431769e-02 -4.95420751e-02  4.62497455e-02]
Chain Temp: 1.9
	Samples: 200
	Swap interval: 5
	Stepsize vector
	[5.0e-05 5.0e-05 5.0e-05 5.0e-05 5.0e-05 5.0e-05 5.0e-05 5.0e-05 5.0e-05
 5.0e-05 5.0e-05 5.0e-05 3.0e-03 3.0e-03 3.0e-03 3.0e-03 3.0e-03 3.0e-03
 3.0e-03 3.0e-03 3.0e-03 3.0e-03 3.0e-03 3.0e-03 1.5e-03 1.5e-03 1.5e-03]
	Step ratio vector
	[0.01 0.01 0.01 0.01 0.01 0.01 0.01 0.01 0.01 0.01 0.01 0.01 0.01 0.01
 0.01 0.01 0.01 0.01 0.01 0.01 0.01 0.01 0.01 0.01 0.01 0.01 0.01]
	Initial proposed vector
	[ 0.0008321   0.00247883  0.00288645  0.00437183  0.00485238  0.00327081
  0.0045707   0.00491881  0.00444384  0.00482961  0.00499732  0.00464191
  0.24912115  0.03890948  0.27660943  0.29416789  0.23214425  0.27927608
  0.29438274  0.27126097  0.28866017  0.29642087  0.29705622  0.29866986
 -0.05193823 -0.05916634  0.01752277]
Chain Temp: 3.7
	Samples: 200
	Swap interval: 5
	Stepsize vector
	[5.0e-05 5.0e-05 5.0e-05 5.0e-05 5.0e-05 5.0e-05 5.0e-05 5.0e-05 5.0e-05
 5.0e-05 5.0e-05 5.0e-05 3.0e-03 3.0e-03 3.0e-03 3.0e-03 3.0e-03 3.0e-03
 3.0e-03 3.0e-03 3.0e-03 3.0e-03 3.0e-03 3.0e-03 1.5e-03 1.5e-03 1.5e-03]
	Step ratio vector
	[0.01 0.01 0.01 0.01 0.01 0.01 0.01 0.01 0.01 0.01 0.01 0.01 0.01 0.01
 0.01 0.01 0.01 0.01 0.01 0.01 0.01 0.01 0.01 0.01 0.01 0.01 0.01]
	Initial proposed vector
	[ 0.00203026  0.00139513  0.00145111  0.00339574  0.00194525  0.00413297
  0.00418175  0.00381547  0.0045916   0.00436022  0.00433052  0.00487842
  0.09172721  0.1366647   0.07919235  0.13397409  0.19630736  0.17995887
  0.26578297  0.25162045  0.22835517  0.29935332  0.2584016   0.24321453
 -0.04386789 -0.08414017  0.12883816]
Chain Temp: 2.5
	Samples: 200
	Swap interval: 5
	Stepsize vector
	[5.0e-05 5.0e-05 5.0e-05 5.0e-05 5.0e-05 5.0e-05 5.0e-05 5.0e-05 5.0e-05
 5.0e-05 5.0e-05 5.0e-05 3.0e-03 3.0e-03 3.0e-03 3.0e-03 3.0e-03 3.0e-03
 3.0e-03 3.0e-03 3.0e-03 3.0e-03 3.0e-03 3.0e-03 1.5e-03 1.5e-03 1.5e-03]
	Step ratio vector
	[0.01 0.01 0.01 0.01 0.01 0.01 0.01 0.01 0.01 0.01 0.01 0.01 0.01 0.01
 0.01 0.01 0.01 0.01 0.01 0.01 0.01 0.01 0.01 0.01 0.01 0.01 0.01]
	Initial proposed vector
	[ 0.00442968  0.00097141  0.00185629  0.0048962   0.00454437  0.00480588
  0.00499149  0.00480201  0.00499438  0.00499972  0.00499255  0.00499936
  0.03042196  0.14012118  0.11693562  0.11176369  0.22395987  0.28314446
  0.17983922  0.23688448  0.29823474  0.26895613  0.24164624  0.29867621
 -0.05795678 -0.05170405  0.13931631]
Chain Temp: 3.4
	Samples: 200
	Swap interval: 5
	Stepsize vector
	[5.0e-05 5.0e-05 5.0e-05 5.0e-05 5.0e-05 5.0e-05 5.0e-05 5.0e-05 5.0e-05
 5.0e-05 5.0e-05 5.0e-05 3.0e-03 3.0e-03 3.0e-03 3.0e-03 3.0e-03 3.0e-03
 3.0e-03 3.0e-03 3.0e-03 3.0e-03 3.0e-03 3.0e-03 1.5e-03 1.5e-03 1.5e-03]
	Step ratio vector
	[0.01 0.01 0.01 0.01 0.01 0.01 0.01 0.01 0.01 0.01 0.01 0.01 0.01 0.01
 0.01 0.01 0.01 0.01 0.01 0.01 0.01 0.01 0.01 0.01 0.01 0.01 0.01]
	Initial proposed vector
	[ 0.00043025  0.00361329  0.0029582   0.00410709  0.00379401  0.00313887
  0.00460835  0.00429715  0.00448522  0.00492022  0.00465267  0.00466181
  0.0295287   0.02308917  0.02780193  0.06264736  0.25256301  0.04101427
  0.09748261  0.26026183  0.12504556  0.14921339  0.27639779  0.26985803
 -0.14151302 -0.01629528  0.05006501]